0	0.296481143
1	0.296953698
2	0.296953698
3	0.297152072
4	0.298166829
5	0.298166829
6	0.298166829
7	0.298166829
8	0.298166829
9	0.298166829
10	0.295119799
11	0.295707465
12	0.295707465
13	0.295707465
14	0.295707465
15	0.295707465
16	0.293319503
17	0.293319503
18	0.292696156
19	0.292589095
20	0.293335483
21	0.292117257
22	0.292117257
23	0.292390886
24	0.292390886
25	0.292390886
26	0.292390886
27	0.283159237
28	0.283159237
29	0.278861414
30	0.278861414
31	0.276216981
32	0.274841995
33	0.274841995
34	0.274841995
35	0.274841995
36	0.274841995
37	0.273892936
38	0.274647602
39	0.273992546
40	0.273964517
41	0.27412381
42	0.27412381
43	0.272940639
44	0.271202643
45	0.271202643
46	0.25998847
47	0.253012432
48	0.253012432
49	0.247630999
50	0.247838496
51	0.246880518
52	0.246880518
53	0.246282362
54	0.24464064
55	0.238691259
56	0.238691259
57	0.234695754
58	0.234640347
59	0.227267806
60	0.227825314
61	0.227485932
62	0.227485932
63	0.227485932
64	0.225997461
65	0.225997461
66	0.225997461
67	0.226653103
68	0.226671562
69	0.226671562
70	0.219946566
71	0.220138452
72	0.220138452
73	0.220138452
74	0.220138452
75	0.219604427
76	0.219604427
77	0.219604427
78	0.219604427
79	0.218907059
80	0.218907059
81	0.218907059
82	0.218907059
83	0.218907059
84	0.216681243
85	0.210670347
86	0.210821631
87	0.210821631
88	0.210821631
89	0.210821631
90	0.210821631
91	0.210821631
92	0.20955447
93	0.207305325
94	0.20733251
95	0.207308055
96	0.207308055
97	0.207308055
98	0.205667455
99	0.204724412
100	0.203006862
101	0.201264906
102	0.201264906
103	0.20160656
104	0.200689057
105	0.199362989
106	0.199712652
107	0.199556479
108	0.199556479
109	0.200017427
110	0.200017427
111	0.200017427
112	0.200017427
113	0.200017427
114	0.19740781
115	0.194804466
116	0.193005541
117	0.193005541
118	0.193005541
119	0.188292069
120	0.187949007
121	0.185794245
122	0.185794245
123	0.184545368
124	0.180685228
125	0.177638039
126	0.177881691
127	0.177860859
128	0.174820855
129	0.173183073
130	0.171445084
131	0.171387116
132	0.171387116
133	0.172015809
134	0.172238197
135	0.172549015
136	0.172549015
137	0.171522919
138	0.16758451
139	0.167649322
140	0.167649322
141	0.167649322
142	0.167649322
143	0.16588163
144	0.165789415
145	0.165789608
146	0.165671669
147	0.165671669
148	0.165466277
149	0.165571911
150	0.162632821
151	0.162632821
152	0.163469755
153	0.163405419
154	0.162352454
155	0.162141864
156	0.161797715
157	0.162771631
158	0.163542219
159	0.163639925
160	0.163639925
161	0.163639925
162	0.163639925
163	0.163639925
164	0.155592172
165	0.155592172
166	0.150512042
167	0.150523217
168	0.142016874
169	0.140278474
170	0.140278474
171	0.139663211
172	0.138406565
173	0.138238609
174	0.138315747
175	0.138315747
176	0.138315747
177	0.138823222
178	0.137342544
179	0.135221667
180	0.135221667
181	0.135221667
182	0.134791113
183	0.1351555
184	0.131767056
185	0.131767056
186	0.131766468
187	0.130056693
188	0.130163064
189	0.123855374
190	0.125804531
191	0.125804531
192	0.12582411
193	0.127989095
194	0.128470203
195	0.128470203
196	0.128470203
197	0.128963603
198	0.128963603
199	0.128963603
200	0.128963603
201	0.127166256
202	0.127166256
203	0.126186782
204	0.124755659
205	0.123843189
206	0.123952073
207	0.123952073
208	0.123952073
209	0.123952073
210	0.123952073
211	0.123744414
212	0.123587847
213	0.123253515
214	0.123253515
215	0.12168467
216	0.123174542
217	0.123203306
218	0.123203306
219	0.122122417
220	0.122122417
221	0.120119769
222	0.119558283
223	0.115399755
224	0.115399755
225	0.115399755
226	0.114995104
227	0.1150138
228	0.1150138
229	0.1150138
230	0.1150138
231	0.1150138
232	0.113027645
233	0.113034023
234	0.113034023
235	0.118885054
236	0.116776742
237	0.116915589
238	0.116915589
239	0.117747945
240	0.11695933
241	0.115098251
242	0.115231531
243	0.115231531
244	0.115231531
245	0.115231531
246	0.115658807
247	0.115936958
248	0.117126609
249	0.11648278
250	0.11648278
251	0.116371329
252	0.11608323
253	0.11608323
254	0.11608323
255	0.118419516
256	0.117404209
257	0.117404209
258	0.117404209
259	0.117404209
260	0.117404209
261	0.118068054
262	0.118068054
263	0.11692896
264	0.116946599
265	0.116946599
266	0.117001555
267	0.117001555
268	0.11703595
269	0.11703595
270	0.115062929
271	0.115062929
272	0.115529925
273	0.115529925
274	0.115529925
275	0.115529925
276	0.114233157
277	0.111743321
278	0.111672657
279	0.111744952
280	0.111902917
281	0.111992377
282	0.111992377
283	0.111886548
284	0.113494781
285	0.113542618
286	0.113542447
287	0.113542447
288	0.113542447
289	0.109705395
290	0.109717818
291	0.109717818
292	0.109730731
293	0.109384995
294	0.109384995
295	0.109685277
296	0.109473307
297	0.109055599
298	0.108793706
299	0.108602711
300	0.10618273
301	0.10618273
302	0.10618273
303	0.105701492
304	0.105310985
305	0.105369733
306	0.105369733
307	0.102891704
308	0.102891704
309	0.102891704
310	0.102037819
311	0.101889471
312	0.101889471
313	0.101665863
314	0.092014052
315	0.092120617
316	0.091091867
317	0.091276271
318	0.091276271
319	0.09206153
320	0.09206153
321	0.090120033
322	0.090120033
323	0.09009726
324	0.09009726
325	0.090016314
326	0.090014926
327	0.089291781
328	0.089417016
329	0.089417016
330	0.089425721
331	0.089425721
332	0.089425721
333	0.090311978
334	0.090311978
335	0.090311978
336	0.089722721
337	0.089722721
338	0.089722721
339	0.089722721
340	0.088501357
341	0.088501357
342	0.088464477
343	0.088749537
344	0.088749537
345	0.088775248
346	0.088775248
347	0.087744776
348	0.087774333
349	0.087860583
350	0.086836916
351	0.087417211
352	0.087417211
353	0.087505562
354	0.087505562
355	0.088264244
356	0.087936336
357	0.087764293
358	0.086797191
359	0.085199734
360	0.085199734
361	0.085199734
362	0.085199734
363	0.085199734
364	0.084384874
365	0.084803828
366	0.084803828
367	0.084803828
368	0.084392406
369	0.082111287
370	0.07767992
371	0.076978383
372	0.07613522
373	0.07613522
374	0.07583192
375	0.07583192
376	0.07583192
377	0.07583192
378	0.07583192
379	0.07583192
380	0.07583192
381	0.07583192
382	0.076154832
383	0.076166016
384	0.075842085
385	0.075842333
386	0.075847024
387	0.075847024
388	0.075613887
389	0.07584117
390	0.07574312
391	0.07574312
392	0.07433078
393	0.073363492
394	0.072833131
395	0.07296246
396	0.07257476
397	0.072580747
398	0.072700925
399	0.072700925
400	0.072707829
401	0.072707829
402	0.072566351
403	0.072493094
404	0.072493094
405	0.072493094
406	0.072493094
407	0.072493094
408	0.072496634
409	0.072427246
410	0.072427246
411	0.07223096
412	0.071380707
413	0.071465059
414	0.071465059
415	0.071491815
416	0.071491815
417	0.071491815
418	0.071491815
419	0.071491815
420	0.071491815
421	0.071363009
422	0.069946828
423	0.06912232
424	0.068016064
425	0.068046774
426	0.06807046
427	0.06760376
428	0.06760376
429	0.067049798
430	0.066967299
431	0.066967299
432	0.066942393
433	0.067041224
434	0.065721242
435	0.065721242
436	0.065410903
437	0.063236039
438	0.06280523
439	0.062958535
440	0.06283806
441	0.061525607
442	0.061527566
443	0.061527566
444	0.061555776
445	0.061555776
446	0.061614715
447	0.060852452
448	0.060817267
449	0.060817267
450	0.060815367
451	0.060717195
452	0.060752776
453	0.06074659
454	0.060651949
455	0.06065736
456	0.060728768
457	0.060728768
458	0.060728768
459	0.060728768
460	0.060728768
461	0.060727147
462	0.060737858
463	0.060737858
464	0.06036911
465	0.060347896
466	0.059964349
467	0.059967074
468	0.059967074
469	0.059027812
470	0.058855434
471	0.058664381
472	0.058611946
473	0.058616978
474	0.058616978
475	0.058619867
476	0.058619833
477	0.058576736
478	0.058576736
479	0.058576756
480	0.058576711
481	0.058576711
482	0.058576711
483	0.058576711
484	0.058576711
485	0.058576711
486	0.058576711
487	0.058576711
488	0.058576711
489	0.058576711
490	0.058576711
491	0.058576711
492	0.055325042
493	0.055325042
494	0.055325042
495	0.055325042
496	0.055325042
497	0.055325042
498	0.055325042
499	0.055325042
500	0.055325042
501	0.055325042
502	0.055325042
503	0.055325042
504	0.055325042
505	0.055325042
506	0.055325042
507	0.055325042
508	0.055325042
509	0.055325042
510	0.055325042
511	0.055325042
512	0.055325042
513	0.055325042
514	0.055325042
515	0.055325042
516	0.055325042
517	0.055325042
518	0.055325042
519	0.055325042
520	0.055325042
521	0.055325042
522	0.055325042
523	0.055325042
524	0.055325042
525	0.055325042
526	0.055325042
527	0.055325042
528	0.055325042
529	0.055325042
530	0.055325042
531	0.055325042
532	0.055325042
533	0.055325042
534	0.055325042
535	0.055325042
536	0.055325042
537	0.055325042
538	0.055325042
539	0.055325042
540	0.055325042
541	0.055325042
542	0.055325042
543	0.055325042
544	0.055325042
545	0.055325042
546	0.055325042
547	0.055325042
548	0.055325042
549	0.055325042
550	0.055325042
551	0.055325042
552	0.055325042
553	0.055325042
554	0.055325042
555	0.055325042
556	0.055325042
557	0.055325042
558	0.055325042
559	0.055325042
560	0.055325042
561	0.055325042
562	0.055325042
563	0.055325042
564	0.042939119
565	0.044289522
566	0.044289522
567	0.044289522
568	0.044289522
569	0.044289522
570	0.044289522
571	0.044289522
572	0.044289522
573	0.044289522
574	0.044289522
575	0.044289522
576	0.044289522
577	0.044289522
578	0.044289522
579	0.044289522
580	0.044289522
581	0.044289522
582	0.043525094
583	0.046532192
584	0.046532192
585	0.046532192
586	0.046532192
587	0.046532192
588	0.046532192
589	0.046532192
590	0.046532192
591	0.046532192
592	0.046532192
593	0.046532192
594	0.046532192
595	0.046532192
596	0.046532192
597	0.046532192
598	0.051010687
599	0.051010687
600	0.051010687
601	0.051010687
602	0.051010687
603	0.051010687
604	0.053402545
605	0.053402545
606	0.053402545
607	0.053402545
608	0.053402545
609	0.053402545
610	0.053402545
611	0.053402545
612	0.053402545
613	0.053402545
614	0.053402545
615	0.053402545
616	0.053402545
617	0.053402545
618	0.053402545
619	0.053402545
620	0.053402545
621	0.053402545
622	0.053402545
623	0.053402545
624	0.053402545
625	0.053402545
626	0.053402545
627	0.053402545
628	0.053402545
629	0.053402545
630	0.053402545
631	0.053402545
632	0.053402545
633	0.053402545
634	0.053402545
635	0.053402545
636	0.053402545
637	0.053402545
638	0.053402545
639	0.053402545
640	0.053402545
641	0.051141253
642	0.051141253
643	0.051141253
644	0.051141253
645	0.051141253
646	0.051141253
647	0.051141253
648	0.051141253
649	0.051141253
650	0.051141253
651	0.051141253
652	0.051141253
653	0.051141253
654	0.051141253
655	0.051141253
656	0.051141253
657	0.051141253
658	0.051141253
659	0.051141253
660	0.051141253
661	0.051141253
662	0.051141253
663	0.051141253
664	0.051141253
665	0.051141253
666	0.051141253
667	0.051141253
668	0.051141253
669	0.051141253
670	0.051141253
671	0.051141253
672	0.051141253
673	0.051141253
674	0.051141253
675	0.051141253
676	0.051141253
677	0.051141253
678	0.051141253
679	0.051141253
680	0.051141253
681	0.051141253
682	0.051141253
683	0.051141253
684	0.051141253
685	0.051141253
686	0.051141253
687	0.051141253
688	0.051141253
689	0.051141253
690	0.051141253
691	0.051141253
692	0.051141253
693	0.051141253
694	0.051141253
695	0.051141253
696	0.051141253
697	0.051141253
698	0.051141253
699	0.051141253
700	0.051141253
701	0.051141253
702	0.051141253
703	0.051141253
704	0.051141253
705	0.051141253
706	0.051141253
707	0.051141253
708	0.051141253
709	0.051141253
710	0.048163921
711	0.046172352
712	0.046172352
713	0.046172352
714	0.046172352
715	0.046172352
716	0.046172352
717	0.046172352
718	0.046172352
719	0.046172352
720	0.046172352
721	0.046172352
722	0.046172352
723	0.046172352
724	0.046172352
725	0.046172352
726	0.046172352
727	0.046172352
728	0.046172352
729	0.046172352
730	0.046172352
731	0.046172352
732	0.046172352
733	0.046172352
734	0.046172352
735	0.046172352
736	0.046172352
737	0.046172352
738	0.046172352
739	0.046172352
740	0.046172352
741	0.046172352
742	0.046172352
743	0.046172352
744	0.046172352
745	0.046172352
746	0.046172352
747	0.046172352
748	0.046172352
749	0.046172352
750	0.046172352
751	0.046172352
752	0.046172352
753	0.046172352
754	0.046172352
755	0.046172352
756	0.046172352
757	0.046172352
758	0.046172352
759	0.046172352
760	0.046172352
761	0.046172352
762	0.046172352
763	0.046172352
764	0.046172352
765	0.046172352
766	0.046172352
767	0.046172352
768	0.046172352
769	0.046172352
770	0.046172352
771	0.046172352
772	0.046172352
773	0.046172352
774	0.046172352
775	0.046172352
776	0.046172352
777	0.046172352
778	0.046172352
779	0.046172352
780	0.046172352
781	0.046172352
782	0.046172352
783	0.046172352
784	0.046172352
785	0.046172352
786	0.046172352
787	0.046172352
788	0.046172352
789	0.046172352
790	0.046172352
791	0.046172352
792	0.046172352
793	0.046172352
794	0.046172352
795	0.046172352
796	0.046172352
797	0.046172352
798	0.046172352
799	0.046172352
800	0.046172352
801	0.046172352
802	0.046172352
803	0.046172352
804	0.046172352
805	0.046172352
806	0.046172352
807	0.046172352
808	0.046172352
809	0.046172352
810	0.046172352
811	0.046172352
812	0.046172352
813	0.046172352
814	0.046172352
815	0.046172352
816	0.046172352
817	0.046172352
818	0.046172352
819	0.046172352
820	0.046172352
821	0.046172352
822	0.046172352
823	0.046172352
824	0.046172352
825	0.046172352
826	0.046172352
827	0.046172352
828	0.046172352
829	0.046172352
830	0.046172352
831	0.046172352
832	0.046172352
833	0.046172352
834	0.046172352
835	0.046172352
836	0.046172352
837	0.046172352
838	0.046172352
839	0.046172352
840	0.046172352
841	0.046172352
842	0.046172352
843	0.046172352
844	0.046172352
845	0.046172352
846	0.046172352
847	0.046172352
848	0.046172352
849	0.046172352
850	0.046172352
851	0.046172352
852	0.046172352
853	0.046172352
854	0.046172352
855	0.046172352
856	0.046172352
857	0.046172352
858	0.046172352
859	0.046172352
860	0.046172352
861	0.046172352
862	0.046172352
863	0.046172352
864	0.046172352
865	0.046172352
866	0.046172352
867	0.046172352
868	0.046172352
869	0.046172352
870	0.046172352
871	0.046172352
872	0.046172352
873	0.046172352
874	0.046172352
875	0.046172352
876	0.046172352
877	0.046172352
878	0.046172352
879	0.046172352
880	0.046172352
881	0.046172352
882	0.046172352
883	0.046172352
884	0.046172352
885	0.046172352
886	0.046172352
887	0.046172352
888	0.046172352
889	0.046172352
890	0.046172352
891	0.046172352
892	0.046172352
893	0.046172352
894	0.046172352
895	0.046172352
896	0.046172352
897	0.046172352
898	0.046172352
899	0.046172352
900	0.046172352
901	0.046172352
902	0.046172352
903	0.046172352
904	0.046172352
905	0.046172352
906	0.046172352
907	0.046172352
908	0.046172352
909	0.046172352
910	0.046172352
911	0.046172352
912	0.046172352
913	0.046172352
914	0.046172352
915	0.046172352
916	0.046172352
917	0.046172352
918	0.046172352
919	0.046172352
920	0.046172352
921	0.046172352
922	0.046172352
923	0.046172352
924	0.046172352
925	0.046172352
926	0.046172352
927	0.046172352
928	0.046172352
929	0.046172352
930	0.046172352
931	0.046172352
932	0.046172352
933	0.046172352
934	0.046172352
935	0.046172352
936	0.046172352
937	0.046172352
938	0.046172352
939	0.046172352
940	0.046172352
941	0.046172352
942	0.046172352
943	0.046172352
944	0.046172352
945	0.046172352
946	0.046172352
947	0.046172352
948	0.046172352
949	0.046172352
950	0.046172352
951	0.046172352
952	0.046172352
953	0.046172352
954	0.046172352
955	0.046172352
956	0.046172352
957	0.046172352
958	0.046172352
959	0.046172352
960	0.046172352
961	0.046172352
962	0.046172352
963	0.046172352
964	0.046172352
965	0.046172352
966	0.046172352
967	0.046172352
968	0.046172352
969	0.046172352
970	0.046172352
971	0.046172352
972	0.046172352
973	0.046172352
974	0.046172352
975	0.046172352
976	0.046172352
977	0.046172352
978	0.046172352
979	0.046172352
980	0.046172352
981	0.046172352
982	0.046172352
983	0.046172352
984	0.046172352
985	0.046172352
986	0.046172352
987	0.046172352
988	0.046172352
989	0.046172352
990	0.046172352
991	0.046172352
992	0.046172352
993	0.046172352
994	0.046172352
995	0.046172352
996	0.046172352
997	0.046172352
998	0.046172352
999	0.046172352
1000	0.046172352
1001	0.046172352
1002	0.046172352
1003	0.046172352
1004	0.046172352
1005	0.046172352
1006	0.046172352
1007	0.046172352
1008	0.046172352
1009	0.046172352
1010	0.045114814
1011	0.045114814
1012	0.045114814
1013	0.045114814
1014	0.045114814
1015	0.045114814
1016	0.045114814
1017	0.045114814
1018	0.045114814
1019	0.045114814
1020	0.045114814
1021	0.045114814
1022	0.045114814
1023	0.045114814
1024	0.045114814
1025	0.045114814
1026	0.045114814
1027	0.045114814
1028	0.045114814
1029	0.045114814
1030	0.045114814
1031	0.045114814
1032	0.045114814
1033	0.045114814
1034	0.045114814
1035	0.045114814
1036	0.045114814
1037	0.045114814
1038	0.045114814
1039	0.045114814
1040	0.045114814
1041	0.045114814
1042	0.045114814
1043	0.045114814
1044	0.045114814
1045	0.045114814
1046	0.045114814
1047	0.045114814
1048	0.045114814
1049	0.045114814
1050	0.045114814
1051	0.045114814
1052	0.045114814
1053	0.045114814
1054	0.045114814
1055	0.045114814
1056	0.045114814
1057	0.045114814
1058	0.045114814
1059	0.045114814
1060	0.045114814
1061	0.045114814
1062	0.045114814
1063	0.045114814
1064	0.045114814
1065	0.045114814
1066	0.045114814
1067	0.045114814
1068	0.045114814
1069	0.045114814
1070	0.045114814
1071	0.045114814
1072	0.045114814
1073	0.045114814
1074	0.045114814
1075	0.045114814
1076	0.045114814
1077	0.045114814
1078	0.045114814
1079	0.045114814
1080	0.045114814
1081	0.045114814
1082	0.045114814
1083	0.045114814
1084	0.045114814
1085	0.045114814
1086	0.045114814
1087	0.045114814
1088	0.045114814
1089	0.045114814
1090	0.045114814
1091	0.045114814
1092	0.045114814
1093	0.045114814
1094	0.045114814
1095	0.045114814
1096	0.045114814
1097	0.045114814
1098	0.045114814
1099	0.045114814
1100	0.045114814
1101	0.045114814
1102	0.045114814
1103	0.045114814
1104	0.045114814
1105	0.045114814
1106	0.045114814
1107	0.045114814
1108	0.045114814
1109	0.045114814
1110	0.045114814
1111	0.045114814
1112	0.045114814
1113	0.045114814
1114	0.045114814
1115	0.045114814
1116	0.045114814
1117	0.045114814
1118	0.045114814
1119	0.045114814
1120	0.045114814
1121	0.045114814
1122	0.045114814
1123	0.045114814
1124	0.045114814
1125	0.045114814
1126	0.045114814
1127	0.045114814
1128	0.045114814
1129	0.045114814
1130	0.045114814
1131	0.045114814
1132	0.045114814
1133	0.045114814
1134	0.045114814
1135	0.045114814
1136	0.045114814
1137	0.045114814
1138	0.045114814
1139	0.045114814
1140	0.045114814
1141	0.045114814
1142	0.045114814
1143	0.045114814
1144	0.045114814
1145	0.045114814
1146	0.045114814
1147	0.045114814
1148	0.045114814
1149	0.045114814
1150	0.045114814
1151	0.045114814
1152	0.045114814
1153	0.045114814
1154	0.045114814
1155	0.045114814
1156	0.045114814
1157	0.045114814
1158	0.045114814
1159	0.045114814
1160	0.045114814
1161	0.045114814
1162	0.045114814
1163	0.045114814
1164	0.045114814
1165	0.045114814
1166	0.045114814
1167	0.045114814
1168	0.045114814
1169	0.045114814
1170	0.045114814
1171	0.045114814
1172	0.045114814
1173	0.045114814
1174	0.045114814
1175	0.045114814
1176	0.045114814
1177	0.045114814
1178	0.045114814
1179	0.045114814
1180	0.045114814
1181	0.0448116
1182	0.0448116
1183	0.0448116
1184	0.0448116
1185	0.0448116
1186	0.0448116
1187	0.0448116
1188	0.0448116
1189	0.0448116
1190	0.0448116
1191	0.0448116
1192	0.0448116
1193	0.0448116
1194	0.0448116
1195	0.0448116
1196	0.0448116
1197	0.0448116
1198	0.0448116
1199	0.0448116
1200	0.0448116
1201	0.0448116
1202	0.0448116
1203	0.0448116
1204	0.0448116
1205	0.0448116
1206	0.0448116
1207	0.0448116
1208	0.0448116
1209	0.0448116
1210	0.0448116
1211	0.0448116
1212	0.0448116
1213	0.0448116
1214	0.0448116
1215	0.0448116
1216	0.0448116
1217	0.0448116
1218	0.0448116
1219	0.0448116
1220	0.0448116
1221	0.0448116
1222	0.0448116
1223	0.0448116
1224	0.0448116
1225	0.0448116
1226	0.0448116
1227	0.0448116
1228	0.0448116
1229	0.0448116
1230	0.0448116
1231	0.0448116
1232	0.0448116
1233	0.0448116
1234	0.0448116
1235	0.0448116
1236	0.0448116
1237	0.0448116
1238	0.0448116
1239	0.0448116
1240	0.0448116
1241	0.0448116
1242	0.0448116
1243	0.0448116
1244	0.0448116
1245	0.0448116
1246	0.0448116
1247	0.0448116
1248	0.0448116
1249	0.0448116
1250	0.0448116
1251	0.0448116
1252	0.044469927
1253	0.044469927
1254	0.044469927
1255	0.044469927
1256	0.044469927
1257	0.044469927
1258	0.044469927
1259	0.044469927
1260	0.044469927
1261	0.044469927
1262	0.044469927
1263	0.044469927
1264	0.044469927
1265	0.044469927
1266	0.044469927
1267	0.044469927
1268	0.044469927
1269	0.044469927
1270	0.044469927
1271	0.044469927
1272	0.044469927
1273	0.044469927
1274	0.044469927
1275	0.044469927
1276	0.044469927
1277	0.044469927
1278	0.044469927
1279	0.044469927
1280	0.044469927
1281	0.044469927
1282	0.044469927
1283	0.044469927
1284	0.044469927
1285	0.044469927
1286	0.044469927
1287	0.044469927
1288	0.044469927
1289	0.044469927
1290	0.044469927
1291	0.044469927
1292	0.044469927
1293	0.044469927
1294	0.044469927
1295	0.044469927
1296	0.044469927
1297	0.044469927
1298	0.044469927
1299	0.044469927
1300	0.044469927
1301	0.044469927
1302	0.044469927
1303	0.044469927
1304	0.044469927
1305	0.044469927
1306	0.044469927
1307	0.044469927
1308	0.044469927
1309	0.044469927
1310	0.044469927
1311	0.044469927
1312	0.044469927
1313	0.044469927
1314	0.044469927
1315	0.044469927
1316	0.044469927
1317	0.044469927
1318	0.044469927
1319	0.044469927
1320	0.044469927
1321	0.044469927
1322	0.044469927
1323	0.044469927
1324	0.044469927
1325	0.044469927
1326	0.044469927
1327	0.044469927
1328	0.044469927
1329	0.044469927
1330	0.044469927
1331	0.044469927
1332	0.044469927
1333	0.044469927
1334	0.044469927
1335	0.044469927
1336	0.044469927
1337	0.044469927
1338	0.044469927
1339	0.044469927
1340	0.044469927
1341	0.044469927
1342	0.044469927
1343	0.044469927
1344	0.044469927
1345	0.044469927
1346	0.044469927
1347	0.044469927
1348	0.044469927
1349	0.044469927
1350	0.044469927
1351	0.044469927
1352	0.044469927
1353	0.044469927
1354	0.044469927
1355	0.044469927
1356	0.044469927
1357	0.044469927
1358	0.044469927
1359	0.044469927
1360	0.044469927
1361	0.044469927
1362	0.044469927
1363	0.044469927
1364	0.044469927
1365	0.044469927
1366	0.044469927
1367	0.044469927
1368	0.044469927
1369	0.044469927
1370	0.044469927
1371	0.044469927
1372	0.044469927
1373	0.044469927
1374	0.044469927
1375	0.044469927
1376	0.044469927
1377	0.044469927
1378	0.044469927
1379	0.044469927
1380	0.044469927
1381	0.044469927
1382	0.044469927
1383	0.044469927
1384	0.044469927
1385	0.044469927
1386	0.044469927
1387	0.044469927
1388	0.044469927
1389	0.044469927
1390	0.044469927
1391	0.044469927
1392	0.044469927
1393	0.044469927
1394	0.044469927
1395	0.044469927
1396	0.044469927
1397	0.044469927
1398	0.044469927
1399	0.044469927
1400	0.044469927
1401	0.044469927
1402	0.044469927
1403	0.044469927
1404	0.044469927
1405	0.044469927
1406	0.044469927
1407	0.044469927
1408	0.044469927
1409	0.044469927
1410	0.044469927
1411	0.044469927
1412	0.044469927
1413	0.044469927
1414	0.044469927
1415	0.044469927
1416	0.044469927
1417	0.044403511
1418	0.044403511
1419	0.044403511
1420	0.044403511
1421	0.044403511
1422	0.044403511
1423	0.044403511
1424	0.044403511
1425	0.044403511
1426	0.044403511
1427	0.044403511
1428	0.044403511
1429	0.044403511
1430	0.044403511
1431	0.044403511
1432	0.044403511
1433	0.044403511
1434	0.044403511
1435	0.044403511
1436	0.044403511
1437	0.044403511
1438	0.044403511
1439	0.044403511
1440	0.045082502
1441	0.045082502
1442	0.045082502
1443	0.045082502
1444	0.045082502
1445	0.045082502
1446	0.045082502
1447	0.044403511
1448	0.044403511
1449	0.044403511
1450	0.044403511
1451	0.044403511
1452	0.044403511
1453	0.044403511
1454	0.044403511
1455	0.044403511
1456	0.044403511
1457	0.044403511
1458	0.044403511
1459	0.044403511
1460	0.044403511
1461	0.044403511
1462	0.044403511
1463	0.044403511
1464	0.044403511
1465	0.044403511
1466	0.044403511
1467	0.044403511
1468	0.044403511
1469	0.044403511
1470	0.044403511
1471	0.044403511
1472	0.044403511
1473	0.044403511
1474	0.044403511
1475	0.044403511
1476	0.044403511
1477	0.044403511
1478	0.044403511
1479	0.044403511
1480	0.044403511
1481	0.044403511
1482	0.044403511
1483	0.044403511
1484	0.044403511
1485	0.044403511
1486	0.044403511
1487	0.044403511
1488	0.044403511
1489	0.044403511
1490	0.044403511
1491	0.043361877
1492	0.043361877
1493	0.043361877
1494	0.043361877
1495	0.043361877
1496	0.043361877
1497	0.043361877
1498	0.043361877
1499	0.043361877
1500	0.043361877
1501	0.043361877
1502	0.043361877
1503	0.043361877
1504	0.043361877
1505	0.043361877
1506	0.043361877
1507	0.043361877
1508	0.043361877
1509	0.043361877
1510	0.043361877
1511	0.043361877
1512	0.043361877
1513	0.043361877
1514	0.043361877
1515	0.043361877
1516	0.043361877
1517	0.043361877
1518	0.043361877
1519	0.043361877
1520	0.043361877
1521	0.043361877
1522	0.043361877
1523	0.043361877
1524	0.043361877
1525	0.043361877
1526	0.043361877
1527	0.043361877
1528	0.043361877
1529	0.043361877
1530	0.043361877
1531	0.043361877
1532	0.043361877
1533	0.043361877
1534	0.043361877
1535	0.043361877
1536	0.043361877
1537	0.043361877
1538	0.043361877
1539	0.043361877
1540	0.043361877
1541	0.043361877
1542	0.043361877
1543	0.043361877
1544	0.043361877
1545	0.043361877
1546	0.043361877
1547	0.043361877
1548	0.043361877
1549	0.043361877
1550	0.043361877
1551	0.043361877
1552	0.043361877
1553	0.043361877
1554	0.043361877
1555	0.043361877
1556	0.043361877
1557	0.043361877
1558	0.043361877
1559	0.043361877
1560	0.043361877
1561	0.043361877
1562	0.043361877
1563	0.043361877
1564	0.043361877
1565	0.043361877
1566	0.043361877
1567	0.043361877
1568	0.043361877
1569	0.043361877
1570	0.043361877
1571	0.043361877
1572	0.043361877
1573	0.043361877
1574	0.043361877
1575	0.043361877
1576	0.043361877
1577	0.043361877
1578	0.043361877
1579	0.043361877
1580	0.043361877
1581	0.04296909
1582	0.04296909
1583	0.04296909
1584	0.04296909
1585	0.04296909
1586	0.04296909
1587	0.042389143
1588	0.042389143
1589	0.042389143
1590	0.042389143
1591	0.042389143
1592	0.042389143
1593	0.042389143
1594	0.042389143
1595	0.042389143
1596	0.042389143
1597	0.042389143
1598	0.042389143
1599	0.042389143
1600	0.042389143
1601	0.042389143
1602	0.042389143
1603	0.042389143
1604	0.042389143
1605	0.042389143
1606	0.042389143
1607	0.042389143
1608	0.042389143
1609	0.042389143
1610	0.042389143
1611	0.042389143
1612	0.042389143
1613	0.042389143
1614	0.042389143
1615	0.042389143
1616	0.042389143
1617	0.042389143
1618	0.042389143
1619	0.042389143
1620	0.042389143
1621	0.042389143
1622	0.042389143
1623	0.042389143
1624	0.042389143
1625	0.042389143
1626	0.042389143
1627	0.042389143
1628	0.042389143
1629	0.042389143
1630	0.042389143
1631	0.042389143
1632	0.042389143
1633	0.042389143
1634	0.042389143
1635	0.042389143
1636	0.042389143
1637	0.042389143
1638	0.042389143
1639	0.042389143
1640	0.042389143
1641	0.042389143
1642	0.042389143
1643	0.042389143
1644	0.042389143
1645	0.042389143
1646	0.042389143
1647	0.042389143
1648	0.042389143
1649	0.042389143
1650	0.042389143
1651	0.042389143
1652	0.042389143
1653	0.042389143
1654	0.042389143
1655	0.042389143
1656	0.042389143
1657	0.042389143
1658	0.042389143
1659	0.042389143
1660	0.042389143
1661	0.042389143
1662	0.042389143
1663	0.042389143
1664	0.042389143
1665	0.042389143
1666	0.042389143
1667	0.042389143
1668	0.042389143
1669	0.042389143
1670	0.042389143
1671	0.042389143
1672	0.042389143
1673	0.042389143
1674	0.042389143
1675	0.042389143
1676	0.042389143
1677	0.042389143
1678	0.042389143
1679	0.042389143
1680	0.042389143
1681	0.042389143
1682	0.045932377
1683	0.045932377
1684	0.045932377
1685	0.045932377
1686	0.045932377
1687	0.045932377
1688	0.045932377
1689	0.045932377
1690	0.045932377
1691	0.045932377
1692	0.045932377
1693	0.045932377
1694	0.045932377
1695	0.045932377
1696	0.045932377
1697	0.045932377
1698	0.045932377
1699	0.045932377
1700	0.045932377
1701	0.045932377
1702	0.045932377
1703	0.045932377
1704	0.045932377
1705	0.045932377
1706	0.045932377
1707	0.045932377
1708	0.045932377
1709	0.045932377
1710	0.045932377
1711	0.045932377
1712	0.045932377
1713	0.045932377
1714	0.045932377
1715	0.045932377
1716	0.045932377
1717	0.045932377
1718	0.045932377
1719	0.045932377
1720	0.045932377
1721	0.045932377
1722	0.045932377
1723	0.045932377
1724	0.045932377
1725	0.045932377
1726	0.045932377
1727	0.044355318
1728	0.044355318
1729	0.044355318
1730	0.044355318
1731	0.044355318
1732	0.044355318
1733	0.044355318
1734	0.044355318
1735	0.044355318
1736	0.044355318
1737	0.044355318
1738	0.044355318
1739	0.044355318
1740	0.044355318
1741	0.044355318
1742	0.044355318
1743	0.044355318
1744	0.044355318
1745	0.044355318
1746	0.044355318
1747	0.044355318
1748	0.044355318
1749	0.044355318
1750	0.044355318
1751	0.044355318
1752	0.044355318
1753	0.044355318
1754	0.044355318
1755	0.027911533
1756	0.027911533
1757	0.027911533
1758	0.027911533
1759	0.027911533
1760	0.027911533
1761	0.027911533
1762	0.027911533
1763	0.027911533
1764	0.027911533
1765	0.027911533
1766	0.027911533
1767	0.027911533
1768	0.027911533
1769	0.027911533
1770	0.027911533
1771	0.027911533
1772	0.027911533
1773	0.027911533
1774	0.027911533
1775	0.027911533
1776	0.027911533
1777	0.027911533
1778	0.027911533
1779	0.027911533
1780	0.027911533
1781	0.027911533
1782	0.027911533
1783	0.027911533
1784	0.027911533
1785	0.027911533
1786	0.027911533
1787	0.027911533
1788	0.027911533
1789	0.027911533
1790	0.027911533
1791	0.027911533
1792	0.027911533
1793	0.027911533
1794	0.027911533
1795	0.027911533
1796	0.027911533
1797	0.027911533
1798	0.027911533
1799	0.027911533
1800	0.027911533
1801	0.027911533
1802	0.027911533
1803	0.027911533
1804	0.027911533
1805	0.027911533
1806	0.027911533
1807	0.027911533
1808	0.027911533
1809	0.027911533
1810	0.027911533
1811	0.027911533
1812	0.027911533
1813	0.027911533
1814	0.027911533
1815	0.027911533
1816	0.027911533
1817	0.027911533
1818	0.027911533
1819	0.027911533
1820	0.027911533
1821	0.027911533
1822	0.027911533
1823	0.027911533
1824	0.027911533
1825	0.027911533
1826	0.027911533
1827	0.027911533
1828	0.027911533
1829	0.027911533
1830	0.027911533
1831	0.027911533
1832	0.027911533
1833	0.027911533
1834	0.027911533
1835	0.027911533
1836	0.027911533
1837	0.027911533
1838	0.027911533
1839	0.027911533
1840	0.027911533
1841	0.027911533
1842	0.027911533
1843	0.027911533
1844	0.027911533
1845	0.021750549
1846	0.021750549
1847	0.021750549
1848	0.021750549
1849	0.021750549
1850	0.021750549
1851	0.021750549
1852	0.021750549
1853	0.021750549
1854	0.021750549
1855	0.021750549
1856	0.021750549
1857	0.021750549
1858	0.021750549
1859	0.021750549
1860	0.021750549
1861	0.021750549
1862	0.021750549
1863	0.021750549
1864	0.021750549
1865	0.021750549
1866	0.021750549
1867	0.021750549
1868	0.021750549
1869	0.021750549
1870	0.021750549
1871	0.021750549
1872	0.021750549
1873	0.021750549
1874	0.021750549
1875	0.021750549
1876	0.021750549
1877	0.021750549
1878	0.021750549
1879	0.021750549
1880	0.021750549
1881	0.021750549
1882	0.021750549
1883	0.021750549
1884	0.021750549
1885	0.021750549
1886	0.021750549
1887	0.021750549
1888	0.021750549
1889	0.021750549
1890	0.021750549
1891	0.021750549
1892	0.021750549
1893	0.021750549
1894	0.021750549
1895	0.014950011
1896	0.014950011
1897	0.014950011
1898	0.014950011
1899	0.014950011
1900	0.014950011
1901	0.014950011
1902	0.014950011
1903	0.014950011
1904	0.014950011
1905	0.014950011
1906	0.014950011
1907	0.014950011
1908	0.014950011
1909	0.014950011
1910	0.014950011
1911	0.014950011
1912	0.014950011
1913	0.014950011
1914	0.014950011
1915	0.014950011
1916	0.014950011
1917	0.014950011
1918	0.014950011
1919	0.014950011
1920	0.014950011
1921	0.014950011
1922	0.014950011
1923	0.014950011
1924	0.014950011
1925	0.014950011
1926	0.014950011
1927	0.014950011
1928	0.014950011
1929	0.014950011
1930	0.014950011
1931	0.014950011
1932	0.014950011
1933	0.014950011
1934	0.014950011
1935	0.014950011
1936	0.014950011
1937	0.014950011
1938	0.014950011
1939	0.014950011
1940	0.014950011
1941	0.014950011
1942	0.014950011
1943	0.014950011
1944	0.014950011
1945	0.014950011
1946	0.014950011
1947	0.014950011
1948	0.014950011
1949	0.014950011
1950	0.014950011
1951	0.014950011
1952	0.014950011
1953	0.014950011
1954	0.014950011
1955	0.014950011
1956	0.014950011
1957	0.014950011
1958	0.014950011
1959	0.014950011
1960	0.014950011
1961	0.014950011
1962	0.014950011
1963	0.014950011
1964	0.014950011
1965	0.014950011
1966	0.014950011
1967	0.014950011
1968	0.014950011
1969	0.014950011
1970	0.014950011
1971	0.014950011
1972	0.014950011
1973	0.014950011
1974	0.014950011
1975	0.014950011
1976	0.014950011
1977	0.014950011
1978	0.014950011
1979	0.014950011
1980	0.014950011
1981	0.014950011
1982	0.014950011
1983	0.014950011
1984	0.014950011
1985	0.014950011
1986	0.014950011
1987	0.014950011
1988	0.014950011
1989	0.014950011
1990	0.014950011
1991	0.014950011
1992	0.014950011
1993	0.014950011
1994	0.014950011
1995	0.014950011
1996	0.014950011
1997	0.014950011
1998	0.014950011
1999	0.014950011
2000	0.014950011
