0	1
1	0.965648855
2	0.946564885
3	0.933206107
4	0.926526718
5	0.91889313
6	0.915076336
7	0.910305344
8	0.905534351
9	0.900763359
10	0.900763359
11	0.895992366
12	0.895038168
13	0.893129771
14	0.891221374
15	0.88740458
16	0.886450382
17	0.886450382
18	0.886450382
19	0.885496183
20	0.885496183
21	0.884541985
22	0.881679389
23	0.881679389
24	0.881679389
25	0.881679389
26	0.881679389
27	0.880725191
28	0.880725191
29	0.880725191
30	0.880725191
31	0.879770992
32	0.879770992
33	0.879770992
34	0.879770992
35	0.879770992
36	0.877862595
37	0.876908397
38	0.876908397
39	0.875954198
40	0.875954198
41	0.875
42	0.875
43	0.874045802
44	0.873091603
45	0.873091603
46	0.873091603
47	0.873091603
48	0.873091603
49	0.873091603
50	0.872137405
51	0.872137405
52	0.872137405
53	0.872137405
54	0.872137405
55	0.872137405
56	0.872137405
57	0.870229008
58	0.868320611
59	0.868320611
60	0.868320611
61	0.868320611
62	0.868320611
63	0.868320611
64	0.868320611
65	0.868320611
66	0.868320611
67	0.868320611
68	0.868320611
69	0.868320611
70	0.868320611
71	0.868320611
72	0.868320611
73	0.868320611
74	0.868320611
75	0.868320611
76	0.868320611
77	0.868320611
78	0.868320611
79	0.868320611
80	0.868320611
81	0.868320611
82	0.868320611
83	0.868320611
84	0.868320611
85	0.868320611
86	0.868320611
87	0.868320611
88	0.868320611
89	0.868320611
90	0.868320611
91	0.867366412
92	0.867366412
93	0.867366412
94	0.867366412
95	0.867366412
96	0.867366412
97	0.867366412
98	0.867366412
99	0.867366412
100	0.867366412
101	0.867366412
102	0.867366412
103	0.867366412
104	0.867366412
105	0.867366412
106	0.867366412
107	0.867366412
108	0.867366412
109	0.867366412
110	0.866412214
111	0.866412214
112	0.866412214
113	0.866412214
114	0.866412214
115	0.866412214
116	0.866412214
117	0.866412214
118	0.866412214
119	0.866412214
120	0.866412214
121	0.866412214
122	0.866412214
123	0.866412214
124	0.866412214
125	0.866412214
126	0.866412214
127	0.866412214
128	0.866412214
129	0.866412214
130	0.866412214
131	0.866412214
132	0.866412214
133	0.866412214
134	0.866412214
135	0.866412214
136	0.866412214
137	0.866412214
138	0.866412214
139	0.866412214
140	0.866412214
141	0.866412214
142	0.866412214
143	0.866412214
144	0.866412214
145	0.866412214
146	0.866412214
147	0.866412214
148	0.866412214
149	0.866412214
150	0.866412214
151	0.866412214
152	0.866412214
153	0.866412214
154	0.866412214
155	0.866412214
156	0.866412214
157	0.866412214
158	0.866412214
159	0.866412214
160	0.866412214
161	0.866412214
162	0.866412214
163	0.866412214
164	0.866412214
165	0.866412214
166	0.866412214
167	0.866412214
168	0.866412214
169	0.866412214
170	0.866412214
171	0.866412214
172	0.866412214
173	0.866412214
174	0.866412214
175	0.866412214
176	0.866412214
177	0.866412214
178	0.866412214
179	0.866412214
180	0.866412214
181	0.866412214
182	0.866412214
183	0.866412214
184	0.866412214
185	0.866412214
186	0.866412214
187	0.866412214
188	0.866412214
189	0.866412214
190	0.866412214
191	0.866412214
192	0.866412214
193	0.866412214
194	0.866412214
195	0.866412214
196	0.866412214
197	0.866412214
198	0.866412214
199	0.866412214
200	0.866412214
201	0.866412214
202	0.866412214
203	0.866412214
204	0.866412214
205	0.866412214
206	0.866412214
207	0.866412214
208	0.866412214
209	0.866412214
210	0.866412214
211	0.866412214
212	0.866412214
213	0.866412214
214	0.866412214
215	0.866412214
216	0.866412214
217	0.866412214
218	0.866412214
219	0.866412214
220	0.866412214
221	0.866412214
222	0.866412214
223	0.866412214
224	0.866412214
225	0.866412214
226	0.866412214
227	0.866412214
228	0.866412214
229	0.866412214
230	0.866412214
231	0.866412214
232	0.866412214
233	0.866412214
234	0.866412214
235	0.866412214
236	0.866412214
237	0.866412214
238	0.866412214
239	0.866412214
240	0.866412214
241	0.866412214
242	0.866412214
243	0.866412214
244	0.866412214
245	0.866412214
246	0.866412214
247	0.866412214
248	0.866412214
249	0.866412214
250	0.866412214
251	0.866412214
252	0.866412214
253	0.866412214
254	0.866412214
255	0.866412214
256	0.866412214
257	0.866412214
258	0.866412214
259	0.866412214
260	0.866412214
261	0.866412214
262	0.866412214
263	0.866412214
264	0.866412214
265	0.866412214
266	0.866412214
267	0.866412214
268	0.866412214
269	0.866412214
270	0.866412214
271	0.866412214
272	0.866412214
273	0.866412214
274	0.866412214
275	0.866412214
276	0.866412214
277	0.866412214
278	0.866412214
279	0.866412214
280	0.866412214
281	0.866412214
282	0.866412214
283	0.866412214
284	0.866412214
285	0.866412214
286	0.866412214
287	0.866412214
288	0.866412214
289	0.866412214
290	0.866412214
291	0.866412214
292	0.866412214
293	0.866412214
294	0.866412214
295	0.866412214
296	0.866412214
297	0.866412214
298	0.866412214
299	0.866412214
300	0.866412214
301	0.866412214
302	0.866412214
303	0.866412214
304	0.866412214
305	0.866412214
306	0.866412214
307	0.866412214
308	0.866412214
309	0.866412214
310	0.866412214
311	0.866412214
312	0.866412214
313	0.866412214
314	0.866412214
315	0.866412214
316	0.866412214
317	0.866412214
318	0.866412214
319	0.866412214
320	0.866412214
321	0.866412214
322	0.866412214
323	0.866412214
324	0.866412214
325	0.866412214
326	0.866412214
327	0.866412214
328	0.866412214
329	0.866412214
330	0.866412214
331	0.866412214
332	0.866412214
333	0.866412214
334	0.866412214
335	0.866412214
336	0.866412214
337	0.866412214
338	0.866412214
339	0.866412214
340	0.866412214
341	0.866412214
342	0.866412214
343	0.866412214
344	0.866412214
345	0.866412214
346	0.866412214
347	0.866412214
348	0.866412214
349	0.866412214
350	0.866412214
351	0.866412214
352	0.866412214
353	0.866412214
354	0.866412214
355	0.866412214
356	0.866412214
357	0.866412214
358	0.866412214
359	0.866412214
360	0.866412214
361	0.866412214
362	0.866412214
363	0.866412214
364	0.866412214
365	0.866412214
366	0.866412214
367	0.866412214
368	0.866412214
369	0.866412214
370	0.866412214
371	0.866412214
372	0.866412214
373	0.866412214
374	0.866412214
375	0.866412214
376	0.866412214
377	0.866412214
378	0.866412214
379	0.866412214
380	0.866412214
381	0.866412214
382	0.866412214
383	0.866412214
384	0.866412214
385	0.866412214
386	0.866412214
387	0.866412214
388	0.866412214
389	0.866412214
390	0.866412214
391	0.866412214
392	0.866412214
393	0.866412214
394	0.866412214
395	0.866412214
396	0.866412214
397	0.866412214
398	0.866412214
399	0.866412214
400	0.866412214
401	0.866412214
402	0.866412214
403	0.866412214
404	0.866412214
405	0.866412214
406	0.866412214
407	0.866412214
408	0.866412214
409	0.866412214
410	0.866412214
411	0.866412214
412	0.866412214
413	0.866412214
414	0.866412214
415	0.866412214
416	0.866412214
417	0.866412214
418	0.866412214
419	0.866412214
420	0.866412214
421	0.866412214
422	0.866412214
423	0.866412214
424	0.866412214
425	0.866412214
426	0.866412214
427	0.866412214
428	0.866412214
429	0.866412214
430	0.866412214
431	0.866412214
432	0.866412214
433	0.866412214
434	0.866412214
435	0.866412214
436	0.866412214
437	0.866412214
438	0.866412214
439	0.866412214
440	0.866412214
441	0.866412214
442	0.866412214
443	0.866412214
444	0.866412214
445	0.866412214
446	0.866412214
447	0.866412214
448	0.866412214
449	0.866412214
450	0.866412214
451	0.866412214
452	0.866412214
453	0.866412214
454	0.866412214
455	0.866412214
456	0.866412214
457	0.866412214
458	0.866412214
459	0.866412214
460	0.866412214
461	0.866412214
462	0.866412214
463	0.866412214
464	0.866412214
465	0.866412214
466	0.866412214
467	0.866412214
468	0.866412214
469	0.866412214
470	0.866412214
471	0.866412214
472	0.866412214
473	0.866412214
474	0.866412214
475	0.866412214
476	0.866412214
477	0.866412214
478	0.866412214
479	0.866412214
480	0.866412214
481	0.866412214
482	0.866412214
483	0.866412214
484	0.866412214
485	0.866412214
486	0.866412214
487	0.866412214
488	0.866412214
489	0.866412214
490	0.866412214
491	0.866412214
492	0.866412214
493	0.866412214
494	0.866412214
495	0.866412214
496	0.866412214
497	0.866412214
498	0.866412214
499	0.866412214
500	0.866412214
501	0.866412214
502	0.866412214
503	0.866412214
504	0.866412214
505	0.866412214
506	0.866412214
507	0.866412214
508	0.866412214
509	0.866412214
510	0.866412214
511	0.866412214
512	0.866412214
513	0.866412214
514	0.866412214
515	0.866412214
516	0.866412214
517	0.866412214
518	0.866412214
519	0.866412214
520	0.866412214
521	0.866412214
522	0.866412214
523	0.866412214
524	0.866412214
525	0.866412214
526	0.866412214
527	0.866412214
528	0.866412214
529	0.866412214
530	0.866412214
531	0.866412214
532	0.866412214
533	0.866412214
534	0.866412214
535	0.866412214
536	0.866412214
537	0.866412214
538	0.866412214
539	0.866412214
540	0.866412214
541	0.866412214
542	0.866412214
543	0.866412214
544	0.866412214
545	0.866412214
546	0.866412214
547	0.866412214
548	0.866412214
549	0.866412214
550	0.866412214
551	0.866412214
552	0.866412214
553	0.866412214
554	0.866412214
555	0.866412214
556	0.866412214
557	0.866412214
558	0.866412214
559	0.866412214
560	0.866412214
561	0.866412214
562	0.866412214
563	0.866412214
564	0.866412214
565	0.866412214
566	0.866412214
567	0.866412214
568	0.866412214
569	0.866412214
570	0.866412214
571	0.866412214
572	0.866412214
573	0.866412214
574	0.866412214
575	0.866412214
576	0.866412214
577	0.866412214
578	0.866412214
579	0.866412214
580	0.866412214
581	0.866412214
582	0.866412214
583	0.866412214
584	0.866412214
585	0.866412214
586	0.866412214
587	0.866412214
588	0.866412214
589	0.866412214
590	0.866412214
591	0.866412214
592	0.866412214
593	0.866412214
594	0.866412214
595	0.866412214
596	0.866412214
597	0.866412214
598	0.866412214
599	0.866412214
600	0.866412214
601	0.866412214
602	0.866412214
603	0.866412214
604	0.866412214
605	0.866412214
606	0.866412214
607	0.866412214
608	0.866412214
609	0.866412214
610	0.866412214
611	0.866412214
612	0.866412214
613	0.866412214
614	0.866412214
615	0.866412214
616	0.866412214
617	0.866412214
618	0.866412214
619	0.866412214
620	0.866412214
621	0.866412214
622	0.866412214
623	0.866412214
624	0.866412214
625	0.866412214
626	0.866412214
627	0.866412214
628	0.866412214
629	0.866412214
630	0.866412214
631	0.866412214
632	0.866412214
633	0.866412214
634	0.866412214
635	0.866412214
636	0.866412214
637	0.866412214
638	0.866412214
639	0.866412214
640	0.866412214
641	0.866412214
642	0.866412214
643	0.866412214
644	0.866412214
645	0.866412214
646	0.866412214
647	0.866412214
648	0.866412214
649	0.866412214
650	0.866412214
651	0.866412214
652	0.866412214
653	0.866412214
654	0.866412214
655	0.866412214
656	0.866412214
657	0.866412214
658	0.866412214
659	0.866412214
660	0.866412214
661	0.866412214
662	0.866412214
663	0.866412214
664	0.866412214
665	0.866412214
666	0.866412214
667	0.866412214
668	0.866412214
669	0.866412214
670	0.866412214
671	0.866412214
672	0.866412214
673	0.866412214
674	0.866412214
675	0.866412214
676	0.866412214
677	0.866412214
678	0.866412214
679	0.866412214
680	0.866412214
681	0.866412214
682	0.866412214
683	0.866412214
684	0.866412214
685	0.866412214
686	0.866412214
687	0.866412214
688	0.866412214
689	0.866412214
690	0.866412214
691	0.866412214
692	0.866412214
693	0.866412214
694	0.866412214
695	0.866412214
696	0.866412214
697	0.866412214
698	0.866412214
699	0.866412214
700	0.866412214
701	0.866412214
702	0.866412214
703	0.866412214
704	0.866412214
705	0.866412214
706	0.866412214
707	0.866412214
708	0.866412214
709	0.866412214
710	0.866412214
711	0.866412214
712	0.866412214
713	0.866412214
714	0.866412214
715	0.866412214
716	0.866412214
717	0.866412214
718	0.866412214
719	0.866412214
720	0.866412214
721	0.866412214
722	0.866412214
723	0.866412214
724	0.866412214
725	0.866412214
726	0.866412214
727	0.866412214
728	0.866412214
729	0.866412214
730	0.866412214
731	0.866412214
732	0.866412214
733	0.866412214
734	0.866412214
735	0.866412214
736	0.866412214
737	0.866412214
738	0.866412214
739	0.866412214
740	0.866412214
741	0.866412214
742	0.866412214
743	0.866412214
744	0.866412214
745	0.866412214
746	0.866412214
747	0.866412214
748	0.866412214
749	0.866412214
750	0.866412214
751	0.866412214
752	0.866412214
753	0.866412214
754	0.866412214
755	0.866412214
756	0.866412214
757	0.866412214
758	0.866412214
759	0.866412214
760	0.866412214
761	0.866412214
762	0.866412214
763	0.866412214
764	0.866412214
765	0.866412214
766	0.866412214
767	0.866412214
768	0.866412214
769	0.866412214
770	0.866412214
771	0.866412214
772	0.866412214
773	0.866412214
774	0.866412214
775	0.866412214
776	0.866412214
777	0.866412214
778	0.866412214
779	0.866412214
780	0.866412214
781	0.866412214
782	0.866412214
783	0.866412214
784	0.866412214
785	0.866412214
786	0.866412214
787	0.866412214
788	0.866412214
789	0.866412214
790	0.866412214
791	0.866412214
792	0.866412214
793	0.866412214
794	0.866412214
795	0.866412214
796	0.866412214
797	0.866412214
798	0.866412214
799	0.866412214
800	0.866412214
801	0.866412214
802	0.866412214
803	0.866412214
804	0.866412214
805	0.866412214
806	0.866412214
807	0.866412214
808	0.866412214
809	0.866412214
810	0.866412214
811	0.866412214
812	0.866412214
813	0.866412214
814	0.866412214
815	0.866412214
816	0.866412214
817	0.866412214
818	0.866412214
819	0.866412214
820	0.866412214
821	0.866412214
822	0.866412214
823	0.866412214
824	0.866412214
825	0.866412214
826	0.866412214
827	0.866412214
828	0.866412214
829	0.866412214
830	0.866412214
831	0.866412214
832	0.866412214
833	0.866412214
834	0.866412214
835	0.866412214
836	0.866412214
837	0.866412214
838	0.866412214
839	0.866412214
840	0.866412214
841	0.866412214
842	0.866412214
843	0.866412214
844	0.866412214
845	0.866412214
846	0.866412214
847	0.866412214
848	0.866412214
849	0.866412214
850	0.866412214
851	0.866412214
852	0.866412214
853	0.866412214
854	0.866412214
855	0.866412214
856	0.866412214
857	0.866412214
858	0.866412214
859	0.866412214
860	0.866412214
861	0.866412214
862	0.866412214
863	0.866412214
864	0.866412214
865	0.866412214
866	0.866412214
867	0.866412214
868	0.866412214
869	0.866412214
870	0.866412214
871	0.866412214
872	0.866412214
873	0.866412214
874	0.866412214
875	0.866412214
876	0.866412214
877	0.866412214
878	0.866412214
879	0.866412214
880	0.866412214
881	0.866412214
882	0.866412214
883	0.866412214
884	0.866412214
885	0.866412214
886	0.866412214
887	0.866412214
888	0.866412214
889	0.866412214
890	0.866412214
891	0.866412214
892	0.866412214
893	0.866412214
894	0.866412214
895	0.866412214
896	0.866412214
897	0.866412214
898	0.866412214
899	0.866412214
900	0.866412214
901	0.866412214
902	0.866412214
903	0.866412214
904	0.866412214
905	0.866412214
906	0.866412214
907	0.866412214
908	0.866412214
909	0.866412214
910	0.866412214
911	0.866412214
912	0.866412214
913	0.866412214
914	0.866412214
915	0.866412214
916	0.866412214
917	0.866412214
918	0.866412214
919	0.866412214
920	0.866412214
921	0.866412214
922	0.866412214
923	0.866412214
924	0.866412214
925	0.866412214
926	0.866412214
927	0.866412214
928	0.866412214
929	0.866412214
930	0.866412214
931	0.866412214
932	0.866412214
933	0.866412214
934	0.866412214
935	0.866412214
936	0.866412214
937	0.866412214
938	0.866412214
939	0.866412214
940	0.866412214
941	0.866412214
942	0.866412214
943	0.866412214
944	0.866412214
945	0.866412214
946	0.866412214
947	0.866412214
948	0.866412214
949	0.866412214
950	0.866412214
951	0.866412214
952	0.866412214
953	0.866412214
954	0.866412214
955	0.866412214
956	0.866412214
957	0.866412214
958	0.866412214
959	0.866412214
960	0.866412214
961	0.866412214
962	0.866412214
963	0.866412214
964	0.866412214
965	0.866412214
966	0.866412214
967	0.866412214
968	0.866412214
969	0.866412214
970	0.866412214
971	0.866412214
972	0.866412214
973	0.866412214
974	0.866412214
975	0.866412214
976	0.866412214
977	0.866412214
978	0.866412214
979	0.866412214
980	0.866412214
981	0.866412214
982	0.866412214
983	0.866412214
984	0.866412214
985	0.866412214
986	0.866412214
987	0.866412214
988	0.866412214
989	0.866412214
990	0.866412214
991	0.866412214
992	0.866412214
993	0.866412214
994	0.866412214
995	0.866412214
996	0.866412214
997	0.866412214
998	0.866412214
999	0.866412214
1000	0.866412214
1001	0.866412214
1002	0.866412214
1003	0.866412214
1004	0.866412214
1005	0.866412214
1006	0.866412214
1007	0.866412214
1008	0.866412214
1009	0.866412214
1010	0.866412214
1011	0.866412214
1012	0.866412214
1013	0.866412214
1014	0.866412214
1015	0.866412214
1016	0.866412214
1017	0.866412214
1018	0.866412214
1019	0.866412214
1020	0.866412214
1021	0.866412214
1022	0.866412214
1023	0.866412214
1024	0.866412214
1025	0.866412214
1026	0.866412214
1027	0.866412214
1028	0.866412214
1029	0.866412214
1030	0.866412214
1031	0.866412214
1032	0.866412214
1033	0.866412214
1034	0.866412214
1035	0.866412214
1036	0.866412214
1037	0.866412214
1038	0.866412214
1039	0.866412214
1040	0.866412214
1041	0.866412214
1042	0.866412214
1043	0.866412214
1044	0.866412214
1045	0.866412214
1046	0.866412214
1047	0.866412214
1048	0.866412214
1049	0.866412214
1050	0.866412214
1051	0.866412214
1052	0.866412214
1053	0.866412214
1054	0.866412214
1055	0.866412214
1056	0.866412214
1057	0.866412214
1058	0.866412214
1059	0.866412214
1060	0.866412214
1061	0.866412214
1062	0.866412214
1063	0.866412214
1064	0.866412214
1065	0.866412214
1066	0.866412214
1067	0.866412214
1068	0.866412214
1069	0.866412214
1070	0.866412214
1071	0.866412214
1072	0.866412214
1073	0.866412214
1074	0.866412214
1075	0.866412214
1076	0.866412214
1077	0.866412214
1078	0.866412214
1079	0.866412214
1080	0.866412214
1081	0.866412214
1082	0.866412214
1083	0.866412214
1084	0.866412214
1085	0.866412214
1086	0.866412214
1087	0.866412214
1088	0.866412214
1089	0.866412214
1090	0.866412214
1091	0.866412214
1092	0.866412214
1093	0.866412214
1094	0.866412214
1095	0.866412214
1096	0.866412214
1097	0.866412214
1098	0.866412214
1099	0.866412214
1100	0.866412214
1101	0.866412214
1102	0.866412214
1103	0.866412214
1104	0.866412214
1105	0.866412214
1106	0.866412214
1107	0.866412214
1108	0.866412214
1109	0.866412214
1110	0.866412214
1111	0.866412214
1112	0.866412214
1113	0.866412214
1114	0.866412214
1115	0.866412214
1116	0.866412214
1117	0.866412214
1118	0.866412214
1119	0.866412214
1120	0.866412214
1121	0.866412214
1122	0.866412214
1123	0.866412214
1124	0.866412214
1125	0.866412214
1126	0.866412214
1127	0.866412214
1128	0.866412214
1129	0.866412214
1130	0.866412214
1131	0.866412214
1132	0.866412214
1133	0.866412214
1134	0.866412214
1135	0.866412214
1136	0.866412214
1137	0.866412214
1138	0.866412214
1139	0.866412214
1140	0.866412214
1141	0.866412214
1142	0.866412214
1143	0.866412214
1144	0.866412214
1145	0.866412214
1146	0.866412214
1147	0.866412214
1148	0.866412214
1149	0.866412214
1150	0.866412214
1151	0.866412214
1152	0.866412214
1153	0.866412214
1154	0.866412214
1155	0.866412214
1156	0.866412214
1157	0.866412214
1158	0.866412214
1159	0.866412214
1160	0.866412214
1161	0.866412214
1162	0.866412214
1163	0.866412214
1164	0.866412214
1165	0.866412214
1166	0.866412214
1167	0.866412214
1168	0.866412214
1169	0.866412214
1170	0.866412214
1171	0.866412214
1172	0.866412214
1173	0.866412214
1174	0.866412214
1175	0.866412214
1176	0.866412214
1177	0.866412214
1178	0.866412214
1179	0.866412214
1180	0.866412214
1181	0.866412214
1182	0.866412214
1183	0.866412214
1184	0.866412214
1185	0.866412214
1186	0.866412214
1187	0.866412214
1188	0.866412214
1189	0.866412214
1190	0.866412214
1191	0.866412214
1192	0.866412214
1193	0.866412214
1194	0.866412214
1195	0.866412214
1196	0.866412214
1197	0.866412214
1198	0.866412214
1199	0.866412214
1200	0.866412214
1201	0.866412214
1202	0.866412214
1203	0.866412214
1204	0.866412214
1205	0.866412214
1206	0.866412214
1207	0.866412214
1208	0.866412214
1209	0.866412214
1210	0.866412214
1211	0.866412214
1212	0.866412214
1213	0.866412214
1214	0.866412214
1215	0.866412214
1216	0.866412214
1217	0.866412214
1218	0.866412214
1219	0.866412214
1220	0.866412214
1221	0.866412214
1222	0.866412214
1223	0.866412214
1224	0.866412214
1225	0.866412214
1226	0.866412214
1227	0.866412214
1228	0.866412214
1229	0.866412214
1230	0.866412214
1231	0.866412214
1232	0.866412214
1233	0.866412214
1234	0.866412214
1235	0.866412214
1236	0.866412214
1237	0.866412214
1238	0.866412214
1239	0.866412214
1240	0.866412214
1241	0.866412214
1242	0.866412214
1243	0.866412214
1244	0.866412214
1245	0.866412214
1246	0.866412214
1247	0.866412214
1248	0.866412214
1249	0.866412214
1250	0.866412214
1251	0.866412214
1252	0.866412214
1253	0.866412214
1254	0.866412214
1255	0.866412214
1256	0.866412214
1257	0.866412214
1258	0.866412214
1259	0.866412214
1260	0.866412214
1261	0.866412214
1262	0.866412214
1263	0.866412214
1264	0.866412214
1265	0.866412214
1266	0.866412214
1267	0.866412214
1268	0.866412214
1269	0.866412214
1270	0.866412214
1271	0.866412214
1272	0.866412214
1273	0.866412214
1274	0.866412214
1275	0.866412214
1276	0.866412214
1277	0.866412214
1278	0.866412214
1279	0.866412214
1280	0.866412214
1281	0.866412214
1282	0.866412214
1283	0.866412214
1284	0.866412214
1285	0.866412214
1286	0.866412214
1287	0.866412214
1288	0.866412214
1289	0.866412214
1290	0.866412214
1291	0.866412214
1292	0.866412214
1293	0.866412214
1294	0.866412214
1295	0.866412214
1296	0.866412214
1297	0.866412214
1298	0.866412214
1299	0.866412214
1300	0.866412214
1301	0.866412214
1302	0.866412214
1303	0.866412214
1304	0.866412214
1305	0.866412214
1306	0.866412214
1307	0.866412214
1308	0.866412214
1309	0.866412214
1310	0.866412214
1311	0.866412214
1312	0.866412214
1313	0.866412214
1314	0.866412214
1315	0.866412214
1316	0.866412214
1317	0.866412214
1318	0.866412214
1319	0.866412214
1320	0.866412214
1321	0.866412214
1322	0.866412214
1323	0.866412214
1324	0.866412214
1325	0.866412214
1326	0.866412214
1327	0.866412214
1328	0.866412214
1329	0.866412214
1330	0.866412214
1331	0.866412214
1332	0.866412214
1333	0.866412214
1334	0.866412214
1335	0.866412214
1336	0.866412214
1337	0.866412214
1338	0.866412214
1339	0.866412214
1340	0.866412214
1341	0.866412214
1342	0.866412214
1343	0.866412214
1344	0.866412214
1345	0.866412214
1346	0.866412214
1347	0.866412214
1348	0.866412214
1349	0.866412214
1350	0.866412214
1351	0.866412214
1352	0.866412214
1353	0.866412214
1354	0.866412214
1355	0.866412214
1356	0.866412214
1357	0.866412214
1358	0.866412214
1359	0.866412214
1360	0.866412214
1361	0.866412214
1362	0.866412214
1363	0.866412214
1364	0.866412214
1365	0.866412214
1366	0.866412214
1367	0.866412214
1368	0.866412214
1369	0.866412214
1370	0.866412214
1371	0.866412214
1372	0.866412214
1373	0.866412214
1374	0.866412214
1375	0.866412214
1376	0.866412214
1377	0.866412214
1378	0.866412214
1379	0.866412214
1380	0.866412214
1381	0.866412214
1382	0.866412214
1383	0.866412214
1384	0.866412214
1385	0.866412214
1386	0.866412214
1387	0.866412214
1388	0.866412214
1389	0.866412214
1390	0.866412214
1391	0.866412214
1392	0.866412214
1393	0.866412214
1394	0.866412214
1395	0.866412214
1396	0.866412214
1397	0.866412214
1398	0.866412214
1399	0.866412214
1400	0.866412214
1401	0.866412214
1402	0.866412214
1403	0.866412214
1404	0.866412214
1405	0.866412214
1406	0.866412214
1407	0.866412214
1408	0.866412214
1409	0.866412214
1410	0.866412214
1411	0.866412214
1412	0.866412214
1413	0.866412214
1414	0.866412214
1415	0.866412214
1416	0.866412214
1417	0.866412214
1418	0.866412214
1419	0.866412214
1420	0.866412214
1421	0.866412214
1422	0.866412214
1423	0.866412214
1424	0.866412214
1425	0.866412214
1426	0.866412214
1427	0.866412214
1428	0.866412214
1429	0.866412214
1430	0.866412214
1431	0.866412214
1432	0.866412214
1433	0.866412214
1434	0.866412214
1435	0.866412214
1436	0.866412214
1437	0.866412214
1438	0.866412214
1439	0.866412214
1440	0.866412214
1441	0.866412214
1442	0.866412214
1443	0.866412214
1444	0.866412214
1445	0.866412214
1446	0.866412214
1447	0.866412214
1448	0.866412214
1449	0.866412214
1450	0.866412214
1451	0.866412214
1452	0.866412214
1453	0.866412214
1454	0.866412214
1455	0.866412214
1456	0.866412214
1457	0.866412214
1458	0.866412214
1459	0.866412214
1460	0.866412214
1461	0.866412214
1462	0.866412214
1463	0.866412214
1464	0.866412214
1465	0.866412214
1466	0.866412214
1467	0.866412214
1468	0.866412214
1469	0.866412214
1470	0.866412214
1471	0.866412214
1472	0.866412214
1473	0.866412214
1474	0.866412214
1475	0.866412214
1476	0.866412214
1477	0.866412214
1478	0.866412214
1479	0.866412214
1480	0.866412214
1481	0.866412214
1482	0.866412214
1483	0.866412214
1484	0.866412214
1485	0.866412214
1486	0.866412214
1487	0.866412214
1488	0.866412214
1489	0.866412214
1490	0.866412214
1491	0.866412214
1492	0.866412214
1493	0.866412214
1494	0.866412214
1495	0.866412214
1496	0.866412214
1497	0.866412214
1498	0.866412214
1499	0.866412214
1500	0.866412214
1501	0.866412214
1502	0.866412214
1503	0.866412214
1504	0.866412214
1505	0.866412214
1506	0.866412214
1507	0.866412214
1508	0.866412214
1509	0.866412214
1510	0.866412214
1511	0.866412214
1512	0.866412214
1513	0.866412214
1514	0.866412214
1515	0.866412214
1516	0.866412214
1517	0.866412214
1518	0.866412214
1519	0.866412214
1520	0.866412214
1521	0.866412214
1522	0.866412214
1523	0.866412214
1524	0.866412214
1525	0.866412214
1526	0.866412214
1527	0.866412214
1528	0.866412214
1529	0.866412214
1530	0.866412214
1531	0.866412214
1532	0.866412214
1533	0.866412214
1534	0.866412214
1535	0.866412214
1536	0.866412214
1537	0.866412214
1538	0.866412214
1539	0.866412214
1540	0.866412214
1541	0.866412214
1542	0.866412214
1543	0.866412214
1544	0.866412214
1545	0.866412214
1546	0.866412214
1547	0.866412214
1548	0.866412214
1549	0.866412214
1550	0.866412214
1551	0.866412214
1552	0.866412214
1553	0.866412214
1554	0.866412214
1555	0.866412214
1556	0.866412214
1557	0.866412214
1558	0.866412214
1559	0.866412214
1560	0.866412214
1561	0.866412214
1562	0.866412214
1563	0.866412214
1564	0.866412214
1565	0.866412214
1566	0.866412214
1567	0.866412214
1568	0.866412214
1569	0.866412214
1570	0.866412214
1571	0.866412214
1572	0.866412214
1573	0.866412214
1574	0.866412214
1575	0.866412214
1576	0.866412214
1577	0.866412214
1578	0.866412214
1579	0.866412214
1580	0.866412214
1581	0.866412214
1582	0.866412214
1583	0.866412214
1584	0.866412214
1585	0.866412214
1586	0.866412214
1587	0.866412214
1588	0.866412214
1589	0.866412214
1590	0.866412214
1591	0.866412214
1592	0.866412214
1593	0.866412214
1594	0.866412214
1595	0.866412214
1596	0.866412214
1597	0.866412214
1598	0.866412214
1599	0.866412214
1600	0.866412214
1601	0.866412214
1602	0.866412214
1603	0.866412214
1604	0.866412214
1605	0.866412214
1606	0.866412214
1607	0.866412214
1608	0.866412214
1609	0.866412214
1610	0.866412214
1611	0.866412214
1612	0.866412214
1613	0.866412214
1614	0.866412214
1615	0.866412214
1616	0.866412214
1617	0.866412214
1618	0.866412214
1619	0.866412214
1620	0.866412214
1621	0.866412214
1622	0.866412214
1623	0.866412214
1624	0.866412214
1625	0.866412214
1626	0.866412214
1627	0.866412214
1628	0.866412214
1629	0.866412214
1630	0.866412214
1631	0.866412214
1632	0.866412214
1633	0.866412214
1634	0.866412214
1635	0.866412214
1636	0.866412214
1637	0.866412214
1638	0.866412214
1639	0.866412214
1640	0.866412214
1641	0.866412214
1642	0.866412214
1643	0.866412214
1644	0.866412214
1645	0.866412214
1646	0.866412214
1647	0.866412214
1648	0.866412214
1649	0.866412214
1650	0.866412214
1651	0.866412214
1652	0.866412214
1653	0.866412214
1654	0.866412214
1655	0.866412214
1656	0.866412214
1657	0.866412214
1658	0.866412214
1659	0.866412214
1660	0.866412214
1661	0.866412214
1662	0.866412214
1663	0.866412214
1664	0.866412214
1665	0.866412214
1666	0.866412214
1667	0.866412214
1668	0.866412214
1669	0.866412214
1670	0.866412214
1671	0.866412214
1672	0.866412214
1673	0.866412214
1674	0.866412214
1675	0.866412214
1676	0.866412214
1677	0.866412214
1678	0.866412214
1679	0.866412214
1680	0.866412214
1681	0.866412214
1682	0.866412214
1683	0.866412214
1684	0.866412214
1685	0.866412214
1686	0.866412214
1687	0.866412214
1688	0.866412214
1689	0.866412214
1690	0.866412214
1691	0.866412214
1692	0.866412214
1693	0.866412214
1694	0.866412214
1695	0.866412214
1696	0.866412214
1697	0.866412214
1698	0.866412214
1699	0.866412214
1700	0.866412214
1701	0.866412214
1702	0.866412214
1703	0.866412214
1704	0.866412214
1705	0.866412214
1706	0.866412214
1707	0.866412214
1708	0.866412214
1709	0.866412214
1710	0.866412214
1711	0.866412214
1712	0.866412214
1713	0.866412214
1714	0.866412214
1715	0.866412214
1716	0.866412214
1717	0.866412214
1718	0.866412214
1719	0.866412214
1720	0.866412214
1721	0.866412214
1722	0.866412214
1723	0.866412214
1724	0.866412214
1725	0.866412214
1726	0.866412214
1727	0.866412214
1728	0.866412214
1729	0.866412214
1730	0.866412214
1731	0.866412214
1732	0.866412214
1733	0.866412214
1734	0.866412214
1735	0.866412214
1736	0.866412214
1737	0.866412214
1738	0.866412214
1739	0.866412214
1740	0.866412214
1741	0.866412214
1742	0.866412214
1743	0.866412214
1744	0.866412214
1745	0.866412214
1746	0.866412214
1747	0.866412214
1748	0.866412214
1749	0.866412214
1750	0.866412214
1751	0.866412214
1752	0.866412214
1753	0.866412214
1754	0.866412214
1755	0.866412214
1756	0.866412214
1757	0.866412214
1758	0.866412214
1759	0.866412214
1760	0.866412214
1761	0.866412214
1762	0.866412214
1763	0.866412214
1764	0.866412214
1765	0.866412214
1766	0.866412214
1767	0.866412214
1768	0.866412214
1769	0.866412214
1770	0.866412214
1771	0.866412214
1772	0.866412214
1773	0.866412214
1774	0.866412214
1775	0.866412214
1776	0.866412214
1777	0.866412214
1778	0.866412214
1779	0.866412214
1780	0.866412214
1781	0.866412214
1782	0.866412214
1783	0.866412214
1784	0.866412214
1785	0.866412214
1786	0.866412214
1787	0.866412214
1788	0.866412214
1789	0.866412214
1790	0.866412214
1791	0.866412214
1792	0.866412214
1793	0.866412214
1794	0.866412214
1795	0.866412214
1796	0.866412214
1797	0.866412214
1798	0.866412214
1799	0.866412214
1800	0.866412214
1801	0.866412214
1802	0.866412214
1803	0.866412214
1804	0.866412214
1805	0.866412214
1806	0.866412214
1807	0.866412214
1808	0.866412214
1809	0.866412214
1810	0.866412214
1811	0.866412214
1812	0.866412214
1813	0.866412214
1814	0.866412214
1815	0.866412214
1816	0.866412214
1817	0.866412214
1818	0.866412214
1819	0.866412214
1820	0.866412214
1821	0.866412214
1822	0.866412214
1823	0.866412214
1824	0.866412214
1825	0.866412214
1826	0.866412214
1827	0.866412214
1828	0.866412214
1829	0.866412214
1830	0.866412214
1831	0.866412214
1832	0.866412214
1833	0.866412214
1834	0.866412214
1835	0.866412214
1836	0.866412214
1837	0.866412214
1838	0.866412214
1839	0.866412214
1840	0.866412214
1841	0.866412214
1842	0.866412214
1843	0.866412214
1844	0.866412214
1845	0.866412214
1846	0.866412214
1847	0.866412214
1848	0.866412214
1849	0.866412214
1850	0.866412214
1851	0.866412214
1852	0.866412214
1853	0.866412214
1854	0.866412214
1855	0.866412214
1856	0.866412214
1857	0.866412214
1858	0.866412214
1859	0.866412214
1860	0.866412214
1861	0.866412214
1862	0.866412214
1863	0.866412214
1864	0.866412214
1865	0.866412214
1866	0.866412214
1867	0.866412214
1868	0.866412214
1869	0.866412214
1870	0.866412214
1871	0.866412214
1872	0.866412214
1873	0.866412214
1874	0.866412214
1875	0.866412214
1876	0.866412214
1877	0.866412214
1878	0.866412214
1879	0.866412214
1880	0.866412214
1881	0.866412214
1882	0.866412214
1883	0.866412214
1884	0.866412214
1885	0.866412214
1886	0.866412214
1887	0.866412214
1888	0.866412214
1889	0.866412214
1890	0.866412214
1891	0.866412214
1892	0.866412214
1893	0.866412214
1894	0.866412214
1895	0.866412214
1896	0.866412214
1897	0.866412214
1898	0.866412214
1899	0.866412214
1900	0.866412214
1901	0.866412214
1902	0.866412214
1903	0.866412214
1904	0.866412214
1905	0.866412214
1906	0.866412214
1907	0.866412214
1908	0.866412214
1909	0.866412214
1910	0.866412214
1911	0.866412214
1912	0.866412214
1913	0.866412214
1914	0.866412214
1915	0.866412214
1916	0.866412214
1917	0.866412214
1918	0.866412214
1919	0.866412214
1920	0.866412214
1921	0.866412214
1922	0.866412214
1923	0.866412214
1924	0.866412214
1925	0.866412214
1926	0.866412214
1927	0.866412214
1928	0.866412214
1929	0.866412214
1930	0.866412214
1931	0.866412214
1932	0.866412214
1933	0.866412214
1934	0.866412214
1935	0.866412214
1936	0.866412214
1937	0.866412214
1938	0.866412214
1939	0.866412214
1940	0.866412214
1941	0.866412214
1942	0.866412214
1943	0.866412214
1944	0.866412214
1945	0.866412214
1946	0.866412214
1947	0.866412214
1948	0.866412214
1949	0.866412214
1950	0.866412214
1951	0.866412214
1952	0.866412214
1953	0.866412214
1954	0.866412214
1955	0.866412214
1956	0.866412214
1957	0.866412214
1958	0.866412214
1959	0.866412214
1960	0.866412214
1961	0.866412214
1962	0.866412214
1963	0.866412214
1964	0.866412214
1965	0.866412214
1966	0.866412214
1967	0.866412214
1968	0.866412214
1969	0.866412214
1970	0.866412214
1971	0.866412214
1972	0.866412214
1973	0.866412214
1974	0.866412214
1975	0.866412214
1976	0.866412214
1977	0.866412214
1978	0.866412214
1979	0.866412214
1980	0.866412214
1981	0.866412214
1982	0.866412214
1983	0.866412214
1984	0.866412214
1985	0.866412214
1986	0.866412214
1987	0.866412214
1988	0.866412214
1989	0.866412214
1990	0.866412214
1991	0.866412214
1992	0.866412214
1993	0.866412214
1994	0.866412214
1995	0.866412214
1996	0.866412214
1997	0.866412214
1998	0.866412214
1999	0.866412214
2000	0.866412214
