0	1	1
1	0.954154728	0.99904489
2	0.93887297	0.99808978
3	0.931232092	0.997135584
4	0.921680993	0.99617864
5	0.914040115	0.995223531
6	0.916905444	0.994269337
7	0.914040115	0.993316972
8	0.914040115	0.992365519
9	0.909264565	0.991417701
10	0.904489016	0.990470788
11	0.898758357	0.989522061
12	0.893982808	0.988574243
13	0.885386819	0.987628239
14	0.868194842	0.986686744
15	0.865329513	0.985752382
16	0.858643744	0.984820669
17	0.853868195	0.983889837
18	0.850047755	0.982961639
19	0.841451767	0.982031684
20	0.831900669	0.981106113
21	0.82139446	0.98018575
22	0.809933142	0.979266251
23	0.803247373	0.978350193
24	0.803247373	0.977434135
25	0.804202483	0.976520645
26	0.797516714	0.975602863
27	0.795606495	0.974684216
28	0.789875836	0.973767297
29	0.786055396	0.972849515
30	0.781279847	0.971929997
31	0.778414518	0.971007863
32	0.778414518	0.970087476
33	0.774594078	0.969167089
34	0.767908309	0.968245828
35	0.7669532	0.967327189
36	0.76408787	0.966412891
37	0.76217765	0.96550204
38	0.755491882	0.964593759
39	0.755491882	0.963685479
40	0.752626552	0.962778054
41	0.753581662	0.961868915
42	0.752626552	0.960958054
43	0.750716332	0.960047194
44	0.749761223	0.959137196
45	0.747851003	0.95823235
46	0.744985673	0.95733006
47	0.743075454	0.956426065
48	0.740210124	0.955524627
49	0.736389685	0.954618057
50	0.736389685	0.953712347
51	0.734479465	0.952807497
52	0.729703916	0.951909469
53	0.727793696	0.951010593
54	0.727793696	0.950109161
55	0.727793696	0.94920773
56	0.725883477	0.948305441
57	0.716332378	0.94740572
58	0.711556829	0.946509405
59	0.70296084	0.945613937
60	0.697230181	0.94471762
61	0.695319962	0.943825536
62	0.692454632	0.942931761
63	0.686723973	0.942039678
64	0.686723973	0.941150123
65	0.684813754	0.940255493
66	0.683858644	0.939362563
67	0.680993314	0.938470481
68	0.679083095	0.937580935
69	0.676217765	0.936693075
70	0.675262655	0.935805214
71	0.674307545	0.934917353
72	0.671442216	0.934036187
73	0.670487106	0.933155851
74	0.668576886	0.932274684
75	0.667621777	0.931392684
76	0.664756447	0.930511517
77	0.661891117	0.929632017
78	0.658070678	0.928753348
79	0.658070678	0.927880459
80	0.652340019	0.927005925
81	0.64851958	0.926134679
82	0.64469914	0.925263433
83	0.642788921	0.924391366
84	0.641833811	0.923516823
85	0.639923591	0.922640621
86	0.637058262	0.921767735
87	0.631327603	0.920893193
88	0.630372493	0.920016986
89	0.631327603	0.919144105
90	0.629417383	0.918268729
91	0.622731614	0.917396679
92	0.618911175	0.916526284
93	0.615090735	0.915656714
94	0.614135626	0.914790436
95	0.613180516	0.913925794
96	0.609360076	0.9130636
97	0.608404967	0.912202219
98	0.609360076	0.911340024
99	0.607449857	0.910474554
100	0.605539637	0.909613992
101	0.598853868	0.908756675
102	0.595988539	0.907900165
103	0.591212989	0.907044463
104	0.58548233	0.906190372
105	0.58643744	0.905336281
106	0.58548233	0.904483799
107	0.583572111	0.903629706
108	0.581661891	0.902771559
109	0.581661891	0.901916661
110	0.578796562	0.901060953
111	0.577841452	0.900209288
112	0.577841452	0.899356818
113	0.576886342	0.898503538
114	0.576886342	0.897651068
115	0.574976122	0.896800214
116	0.569245463	0.895948551
117	0.566380134	0.895099311
118	0.565425024	0.894250071
119	0.564469914	0.89340083
120	0.563514804	0.89255159
121	0.562559694	0.89170235
122	0.561604585	0.890851489
123	0.561604585	0.89000225
124	0.560649475	0.8891522
125	0.557784145	0.888304581
126	0.558739255	0.887454529
127	0.557784145	0.886606912
128	0.557784145	0.88576172
129	0.556829035	0.884914911
130	0.555873926	0.884071332
131	0.552053486	0.883227752
132	0.550143266	0.882384978
133	0.547277937	0.881544611
134	0.547277937	0.880705045
135	0.549188157	0.879865479
136	0.547277937	0.879024307
137	0.547277937	0.87818394
138	0.544412607	0.877341153
139	0.542502388	0.876500788
140	0.542502388	0.875661227
141	0.541547278	0.874822472
142	0.539637058	0.873985321
143	0.537726839	0.873151365
144	0.536771729	0.872316613
145	0.535816619	0.871483454
146	0.53104107	0.870651092
147	0.52913085	0.869822689
148	0.525310411	0.868996647
149	0.525310411	0.868173734
150	0.522445081	0.867351599
151	0.519579752	0.866530244
152	0.518624642	0.865710442
153	0.516714422	0.864887523
154	0.516714422	0.864065387
155	0.511938873	0.863244032
156	0.506208214	0.862424237
157	0.505253104	0.861609861
158	0.501432665	0.860793943
159	0.495702006	0.859978024
160	0.497612225	0.859165191
161	0.495702006	0.858356184
162	0.493791786	0.857546414
163	0.489971347	0.856734343
164	0.486150907	0.855926103
165	0.482330468	0.855120147
166	0.479465138	0.854315706
167	0.477554919	0.853512023
168	0.476599809	0.852710603
169	0.477554919	0.851909936
170	0.477554919	0.851110771
171	0.479465138	0.850307078
172	0.476599809	0.849503385
173	0.477554919	0.848698931
174	0.476599809	0.847896758
175	0.475644699	0.847097609
176	0.475644699	0.846298461
177	0.475644699	0.845497042
178	0.474689589	0.84469865
179	0.47182426	0.843901764
180	0.46895893	0.843106381
181	0.46895893	0.84230874
182	0.466093601	0.841510343
183	0.463228271	0.840711946
184	0.459407832	0.839917322
185	0.457497612	0.839121946
186	0.457497612	0.83832202
187	0.456542502	0.837526649
188	0.456542502	0.836732031
189	0.455587393	0.83593892
190	0.454632283	0.835145056
191	0.453677173	0.834351946
192	0.453677173	0.833555809
193	0.451766953	0.83275891
194	0.449856734	0.831962012
195	0.451766953	0.831166637
196	0.449856734	0.830371262
197	0.450811843	0.829577408
198	0.447946514	0.828784313
199	0.441260745	0.827993488
200	0.437440306	0.827204171
201	0.437440306	0.826415607
202	0.437440306	0.825625535
203	0.437440306	0.824837724
204	0.435530086	0.824052164
205	0.434574976	0.823265104
206	0.432664756	0.822480294
207	0.429799427	0.821700692
208	0.426934097	0.82092109
209	0.426934097	0.820145905
210	0.424068768	0.819372182
211	0.423113658	0.81859846
212	0.424068768	0.817825468
213	0.420248329	0.817052476
214	0.41451767	0.816281672
215	0.41260745	0.81551232
216	0.41260745	0.814746581
217	0.41260745	0.813977227
218	0.41069723	0.813211491
219	0.41165234	0.812445755
220	0.404966571	0.811678573
221	0.404011461	0.810912115
222	0.404011461	0.810145658
223	0.404011461	0.809378474
224	0.403056351	0.808614189
225	0.402101242	0.807849903
226	0.402101242	0.807083442
227	0.402101242	0.806318434
228	0.402101242	0.8055527
229	0.402101242	0.804786965
230	0.402101242	0.804020501
231	0.402101242	0.803255496
232	0.400191022	0.802490491
233	0.397325692	0.801726214
234	0.397325692	0.800966284
235	0.393505253	0.800207793
236	0.391595033	0.799448583
237	0.390639924	0.798690093
238	0.389684814	0.79793304
239	0.388729704	0.797175988
240	0.390639924	0.796421801
241	0.388729704	0.795667614
242	0.388729704	0.794914141
243	0.388729704	0.794160667
244	0.382999045	0.793406479
245	0.382999045	0.792653006
246	0.382999045	0.791900964
247	0.382043935	0.791146772
248	0.380133715	0.790394016
249	0.377268386	0.789643404
250	0.375358166	0.788893506
251	0.375358166	0.788145739
252	0.372492837	0.787397263
253	0.370582617	0.786646646
254	0.369627507	0.785898883
255	0.367717287	0.78515112
256	0.367717287	0.784402644
257	0.362941738	0.783656305
258	0.361986628	0.782909965
259	0.359121299	0.782164337
260	0.359121299	0.781419418
261	0.359121299	0.780675209
262	0.360076409	0.779928152
263	0.360076409	0.779183235
264	0.361986628	0.778439029
265	0.359121299	0.777694824
266	0.357211079	0.776953456
267	0.35339064	0.77621067
268	0.35243553	0.775470011
269	0.35052531	0.774730059
270	0.348615091	0.773987981
271	0.346704871	0.773246613
272	0.347659981	0.772508077
273	0.347659981	0.771770247
274	0.345749761	0.771031711
275	0.345749761	0.770292467
276	0.344794651	0.769553931
277	0.341929322	0.768814687
278	0.341929322	0.768075442
279	0.340974212	0.767337617
280	0.340974212	0.766599082
281	0.339063992	0.765860548
282	0.340019102	0.765122013
283	0.339063992	0.764388435
284	0.339063992	0.76365556
285	0.338108883	0.762921276
286	0.337153773	0.762186991
287	0.336198663	0.761455526
288	0.335243553	0.760724762
289	0.336198663	0.7599954
290	0.336198663	0.759264635
291	0.336198663	0.758535975
292	0.333333333	0.757808013
293	0.333333333	0.757082838
294	0.330468004	0.756358357
295	0.328557784	0.755633181
296	0.329512894	0.754905211
297	0.329512894	0.75417934
298	0.327602674	0.75345556
299	0.327602674	0.752731083
300	0.326647564	0.752007999
301	0.327602674	0.751286302
302	0.326647564	0.750563911
303	0.326647564	0.749842908
304	0.326647564	0.74911982
305	0.326647564	0.748397428
306	0.326647564	0.747675734
307	0.326647564	0.746955429
308	0.324737345	0.746235125
309	0.322827125	0.745514821
310	0.322827125	0.744795906
311	0.321872015	0.744078376
312	0.320916905	0.743362228
313	0.320916905	0.742647456
314	0.319006686	0.741933372
315	0.320916905	0.7412186
316	0.322827125	0.740503828
317	0.322827125	0.739787674
318	0.322827125	0.739072903
319	0.322827125	0.738358823
320	0.322827125	0.737644052
321	0.322827125	0.73692928
322	0.322827125	0.736214509
323	0.321872015	0.735501123
324	0.321872015	0.734788428
325	0.321872015	0.734077801
326	0.321872015	0.733366485
327	0.321872015	0.732657233
328	0.321872015	0.731947981
329	0.319006686	0.731237352
330	0.318051576	0.730528101
331	0.318051576	0.729821595
332	0.316141356	0.729118491
333	0.313276027	0.728416065
334	0.311365807	0.727717009
335	0.310410697	0.727019962
336	0.311365807	0.726324249
337	0.310410697	0.725629866
338	0.310410697	0.72493681
339	0.310410697	0.72424176
340	0.309455587	0.723546711
341	0.307545368	0.722851661
342	0.307545368	0.722159274
343	0.305635148	0.721468874
344	0.305635148	0.720783067
345	0.305635148	0.720096607
346	0.303724928	0.719408835
347	0.301814709	0.718722377
348	0.300859599	0.718039829
349	0.299904489	0.717357282
350	0.297994269	0.716674084
351	0.29703916	0.715991538
352	0.29703916	0.71531029
353	0.29703916	0.714627742
354	0.29321872	0.713946495
355	0.29321872	0.713266546
356	0.29226361	0.712587891
357	0.29226361	0.711906641
358	0.2913085	0.711226692
359	0.2913085	0.710546742
360	0.2913085	0.709870031
361	0.289398281	0.70919332
362	0.289398281	0.708519182
363	0.289398281	0.707845044
364	0.289398281	0.707170906
365	0.289398281	0.706496124
366	0.288443171	0.705821343
367	0.287488061	0.705146561
368	0.286532951	0.704474353
369	0.282712512	0.703802145
370	0.277936963	0.703131218
371	0.277936963	0.702460931
372	0.276981853	0.701792557
373	0.274116523	0.701126087
374	0.271251194	0.70046277
375	0.267430755	0.699798825
376	0.266475645	0.699138014
377	0.266475645	0.698479071
378	0.264565425	0.697818883
379	0.264565425	0.697156816
380	0.262655205	0.696497254
381	0.262655205	0.695840181
382	0.264565425	0.695184347
383	0.263610315	0.694528512
384	0.261700096	0.693870192
385	0.261700096	0.693212495
386	0.261700096	0.692556043
387	0.261700096	0.691897094
388	0.261700096	0.691239397
389	0.260744986	0.690581074
390	0.260744986	0.689920862
391	0.259789876	0.689259385
392	0.259789876	0.688597908
393	0.259789876	0.687935794
394	0.259789876	0.687274953
395	0.259789876	0.686613476
396	0.259789876	0.685954538
397	0.259789876	0.6852956
398	0.259789876	0.684638557
399	0.259789876	0.683979617
400	0.259789876	0.683318767
401	0.258834766	0.682656636
402	0.255969436	0.681995788
403	0.255969436	0.681340653
404	0.255014327	0.680686775
405	0.255014327	0.680033525
406	0.255014327	0.679379646
407	0.255014327	0.678728899
408	0.251193887	0.678078776
409	0.251193887	0.677430517
410	0.250238777	0.676781015
411	0.249283668	0.676132136
412	0.249283668	0.675483879
413	0.249283668	0.674834375
414	0.249283668	0.674183619
415	0.248328558	0.673532862
416	0.246418338	0.672883361
417	0.246418338	0.672235111
418	0.246418338	0.671588109
419	0.246418338	0.67094173
420	0.246418338	0.67029535
421	0.246418338	0.669651455
422	0.246418338	0.669008178
423	0.246418338	0.668364901
424	0.245463228	0.667721004
425	0.245463228	0.667078346
426	0.243553009	0.666436308
427	0.242597899	0.665796119
428	0.241642789	0.66515593
429	0.240687679	0.664520634
430	0.239732569	0.663884729
431	0.239732569	0.663250646
432	0.238777459	0.662618376
433	0.23782235	0.661986107
434	0.23782235	0.661352627
435	0.23686724	0.660719754
436	0.23782235	0.660088091
437	0.23495702	0.659456428
438	0.23495702	0.658825972
439	0.23495702	0.658196119
440	0.23495702	0.657566267
441	0.2330468	0.656936414
442	0.232091691	0.656305957
443	0.230181471	0.655675499
444	0.229226361	0.655046252
445	0.229226361	0.654420013
446	0.227316141	0.65379497
447	0.227316141	0.653168129
448	0.227316141	0.652542489
449	0.227316141	0.651917449
450	0.226361032	0.651291808
451	0.226361032	0.650664963
452	0.225405922	0.650040525
453	0.225405922	0.649416086
454	0.225405922	0.648791047
455	0.225405922	0.648167209
456	0.222540592	0.647543971
457	0.221585482	0.646921333
458	0.221585482	0.646299293
459	0.221585482	0.645677851
460	0.221585482	0.64505641
461	0.221585482	0.644434968
462	0.221585482	0.643819462
463	0.221585482	0.643204544
464	0.221585482	0.642589037
465	0.220630372	0.64197353
466	0.220630372	0.641360375
467	0.218720153	0.640746045
468	0.218720153	0.640131126
469	0.218720153	0.639516206
470	0.218720153	0.638901878
471	0.218720153	0.638288139
472	0.218720153	0.6376744
473	0.217765043	0.637064769
474	0.217765043	0.636453969
475	0.217765043	0.635846085
476	0.216809933	0.635238782
477	0.216809933	0.634629733
478	0.216809933	0.634023592
479	0.215854823	0.633416289
480	0.216809933	0.632810729
481	0.216809933	0.632203425
482	0.215854823	0.631594366
483	0.215854823	0.630988229
484	0.215854823	0.63038151
485	0.215854823	0.629775374
486	0.215854823	0.629170983
487	0.215854823	0.628564845
488	0.215854823	0.627959874
489	0.215854823	0.627357225
490	0.215854823	0.626753997
491	0.215854823	0.626150188
492	0.215854823	0.625548699
493	0.214899713	0.624946051
494	0.213944604	0.624343983
495	0.212989494	0.623744229
496	0.211079274	0.623145051
497	0.211079274	0.622551014
498	0.211079274	0.621956409
499	0.212034384	0.621362373
500	0.212034384	0.620768903
501	0.210124164	0.620173156
502	0.208213945	0.619576836
503	0.208213945	0.618984506
504	0.208213945	0.618391609
505	0.208213945	0.617795281
506	0.208213945	0.617201247
507	0.208213945	0.616608924
508	0.208213945	0.616018302
509	0.207258835	0.615428811
510	0.207258835	0.614839884
511	0.206303725	0.614252083
512	0.205348615	0.613662023
513	0.204393505	0.613074224
514	0.204393505	0.61248755
515	0.203438395	0.611902558
516	0.201528176	0.611320901
517	0.201528176	0.61073758
518	0.199617956	0.610155925
519	0.198662846	0.609574824
520	0.198662846	0.608993723
521	0.197707736	0.608413729
522	0.197707736	0.607832627
523	0.197707736	0.607250412
524	0.197707736	0.606670421
525	0.197707736	0.60609043
526	0.197707736	0.605510994
527	0.196752627	0.604929889
528	0.196752627	0.604349899
529	0.196752627	0.603773229
530	0.196752627	0.603195456
531	0.196752627	0.602620984
532	0.196752627	0.602045964
533	0.196752627	0.601473677
534	0.195797517	0.600901934
535	0.195797517	0.600331277
536	0.196752627	0.59976062
537	0.196752627	0.599188875
538	0.196752627	0.598618761
539	0.196752627	0.598048105
540	0.196752627	0.597477992
541	0.196752627	0.596907335
542	0.196752627	0.596336132
543	0.196752627	0.595766021
544	0.196752627	0.595195364
545	0.195797517	0.594624707
546	0.195797517	0.594054597
547	0.195797517	0.593484487
548	0.195797517	0.592913829
549	0.195797517	0.592345903
550	0.194842407	0.591780688
551	0.194842407	0.591214391
552	0.194842407	0.590648635
553	0.196752627	0.59008288
554	0.196752627	0.589517124
555	0.195797517	0.588953532
556	0.196752627	0.588391017
557	0.195797517	0.587829039
558	0.195797517	0.587268668
559	0.195797517	0.586711487
560	0.194842407	0.586153777
561	0.194842407	0.585598181
562	0.194842407	0.585040999
563	0.194842407	0.584484876
564	0.195797517	0.583928224
565	0.195797517	0.583372102
566	0.195797517	0.582814917
567	0.195797517	0.582258265
568	0.195797517	0.58170108
569	0.195797517	0.581146022
570	0.195797517	0.580592022
571	0.195797517	0.58003855
572	0.195797517	0.579486132
573	0.195797517	0.57893213
574	0.195797517	0.578377066
575	0.194842407	0.577824124
576	0.194842407	0.577270122
577	0.194842407	0.576716651
578	0.194842407	0.576163711
579	0.192932187	0.57561024
580	0.192932187	0.575057831
581	0.192932187	0.574505422
582	0.192932187	0.573953013
583	0.192932187	0.573401135
584	0.192932187	0.572849257
585	0.191977077	0.57229844
586	0.191977077	0.571746561
587	0.191021968	0.571195746
588	0.190066858	0.570646519
589	0.191021968	0.570097292
590	0.191021968	0.569548594
591	0.191021968	0.569000951
592	0.188156638	0.568455409
593	0.189111748	0.567911952
594	0.187201528	0.567367454
595	0.187201528	0.566823477
596	0.187201528	0.566281581
597	0.187201528	0.565738646
598	0.187201528	0.565196231
599	0.186246418	0.564655373
600	0.186246418	0.564113997
601	0.186246418	0.563572621
602	0.186246418	0.5630328
603	0.187201528	0.562492462
604	0.186246418	0.561953159
605	0.186246418	0.561414374
606	0.186246418	0.560875071
607	0.186246418	0.560336286
608	0.186246418	0.559798019
609	0.186246418	0.5592613
610	0.186246418	0.558724065
611	0.186246418	0.558185795
612	0.186246418	0.557649078
613	0.186246418	0.557115443
614	0.186246418	0.556580269
615	0.186246418	0.556044065
616	0.186246418	0.555508892
617	0.185291309	0.554975262
618	0.184336199	0.554442657
619	0.184336199	0.553910051
620	0.184336199	0.553377957
621	0.184336199	0.552846884
622	0.184336199	0.5523153
623	0.183381089	0.551784228
624	0.183381089	0.551253666
625	0.182425979	0.550724632
626	0.181470869	0.550196612
627	0.181470869	0.549669604
628	0.181470869	0.549142595
629	0.181470869	0.548615587
630	0.181470869	0.548089085
631	0.182425979	0.547562582
632	0.181470869	0.54703709
633	0.181470869	0.546513108
634	0.180515759	0.545989127
635	0.179560649	0.545467647
636	0.179560649	0.544948648
637	0.17669532	0.544430143
638	0.1747851	0.543911144
639	0.17382999	0.54339264
640	0.17382999	0.54287463
641	0.171919771	0.542355629
642	0.171919771	0.541837125
643	0.171919771	0.54131862
644	0.172874881	0.540800116
645	0.170964661	0.540281611
646	0.170964661	0.539764595
647	0.170964661	0.539248074
648	0.170009551	0.538732047
649	0.169054441	0.53821848
650	0.168099331	0.537705402
651	0.168099331	0.537193789
652	0.167144222	0.536683634
653	0.166189112	0.536173478
654	0.166189112	0.535663808
655	0.166189112	0.535154137
656	0.167144222	0.534643981
657	0.167144222	0.534134796
658	0.167144222	0.533628986
659	0.166189112	0.533124611
660	0.165234002	0.532620713
661	0.165234002	0.53211824
662	0.165234002	0.531615293
663	0.165234002	0.531111869
664	0.167144222	0.530608923
665	0.167144222	0.53010502
666	0.166189112	0.529601597
667	0.165234002	0.529097214
668	0.165234002	0.528592351
669	0.165234002	0.528087487
670	0.165234002	0.527582623
671	0.164278892	0.527079205
672	0.164278892	0.526576266
673	0.163323782	0.526073808
674	0.162368672	0.525572785
675	0.162368672	0.525073666
676	0.160458453	0.524574547
677	0.160458453	0.524075427
678	0.160458453	0.523575832
679	0.159503343	0.523077188
680	0.157593123	0.522579493
681	0.157593123	0.522082272
682	0.156638013	0.521587876
683	0.156638013	0.521091598
684	0.155682904	0.520592469
685	0.155682904	0.520093817
686	0.155682904	0.519596119
687	0.155682904	0.519097945
688	0.155682904	0.518600248
689	0.155682904	0.518102551
690	0.155682904	0.517607706
691	0.154727794	0.517114746
692	0.153772684	0.516621316
693	0.153772684	0.516129764
694	0.153772684	0.515638679
695	0.153772684	0.515149459
696	0.153772684	0.51466255
697	0.151862464	0.514174255
698	0.150907354	0.513686886
699	0.149952245	0.513199979
700	0.150907354	0.512713534
701	0.148042025	0.51222755
702	0.148042025	0.511742486
703	0.148042025	0.5112565
704	0.148042025	0.510769589
705	0.148042025	0.510281748
706	0.147086915	0.509795302
707	0.147086915	0.509309783
708	0.147086915	0.508824264
709	0.146131805	0.508339669
710	0.146131805	0.507854612
711	0.145176695	0.507369555
712	0.145176695	0.506884962
713	0.142311366	0.506402214
714	0.142311366	0.505919926
715	0.142311366	0.505437178
716	0.142311366	0.504955809
717	0.142311366	0.50447306
718	0.141356256	0.503989848
719	0.141356256	0.5035094
720	0.141356256	0.503029411
721	0.140401146	0.502548043
722	0.140401146	0.502068512
723	0.140401146	0.501588982
724	0.140401146	0.501110822
725	0.139446036	0.500631749
726	0.139446036	0.500151296
727	0.138490926	0.499672224
728	0.134670487	0.499193152
729	0.134670487	0.498716368
730	0.134670487	0.498242303
731	0.134670487	0.497768688
732	0.133715377	0.497293718
733	0.133715377	0.496821454
734	0.133715377	0.496348291
735	0.133715377	0.495874676
736	0.133715377	0.495401965
737	0.133715377	0.494929253
738	0.133715377	0.494457442
739	0.133715377	0.493985632
740	0.133715377	0.493512012
741	0.133715377	0.493040203
742	0.133715377	0.492570193
743	0.133715377	0.492103302
744	0.133715377	0.491636411
745	0.133715377	0.491171287
746	0.133715377	0.490704394
747	0.132760267	0.490237945
748	0.132760267	0.489771939
749	0.131805158	0.489304599
750	0.131805158	0.488839038
751	0.131805158	0.488372589
752	0.131805158	0.487907029
753	0.130850048	0.487441469
754	0.129894938	0.486975463
755	0.129894938	0.486509904
756	0.129894938	0.486045233
757	0.129894938	0.485581892
758	0.129894938	0.48511855
759	0.129894938	0.484656533
760	0.129894938	0.484194955
761	0.129894938	0.483732053
762	0.129894938	0.483270917
763	0.128939828	0.482811097
764	0.128939828	0.482352151
765	0.128939828	0.481893205
766	0.128939828	0.481432063
767	0.128939828	0.480971803
768	0.128939828	0.480511543
769	0.128939828	0.480051724
770	0.128939828	0.479593659
771	0.128939828	0.479133838
772	0.127984718	0.478673132
773	0.127984718	0.478212426
774	0.126074499	0.477751276
775	0.126074499	0.477291458
776	0.126074499	0.476832524
777	0.124164279	0.476374031
778	0.123209169	0.475917734
779	0.122254059	0.475461874
780	0.122254059	0.475005577
781	0.123209169	0.474550155
782	0.124164279	0.474095605
783	0.122254059	0.473642791
784	0.121298949	0.473191273
785	0.12034384	0.472741898
786	0.12034384	0.472291239
787	0.11938873	0.471842293
788	0.11843362	0.471395472
789	0.1165234	0.470949497
790	0.1165234	0.470504366
791	0.11556829	0.470058812
792	0.11556829	0.469614942
793	0.11556829	0.469173574
794	0.11556829	0.468732207
795	0.11556829	0.468293319
796	0.11556829	0.467851533
797	0.11556829	0.467410995
798	0.11556829	0.466971699
799	0.114613181	0.466532403
800	0.11556829	0.466092278
801	0.11556829	0.465652153
802	0.11556829	0.465210358
803	0.11556829	0.4647673
804	0.11556829	0.464325086
805	0.11556829	0.463883292
806	0.114613181	0.463442339
807	0.114613181	0.463001804
808	0.111747851	0.462562106
809	0.110792741	0.462122826
810	0.110792741	0.461682709
811	0.110792741	0.461244264
812	0.110792741	0.460805819
813	0.109837631	0.460366956
814	0.109837631	0.45992976
815	0.109837631	0.45949298
816	0.108882521	0.45905495
817	0.106972302	0.458619414
818	0.106972302	0.458183878
819	0.106972302	0.457749169
820	0.105062082	0.457314459
821	0.105062082	0.456880163
822	0.105062082	0.456445866
823	0.105062082	0.456011982
824	0.105062082	0.455577685
825	0.105062082	0.455145037
826	0.103151862	0.454710739
827	0.102196753	0.454276025
828	0.102196753	0.453843793
829	0.102196753	0.453411561
830	0.102196753	0.45298097
831	0.102196753	0.452551604
832	0.102196753	0.452121831
833	0.101241643	0.451693279
834	0.101241643	0.451266348
835	0.101241643	0.450839417
836	0.101241643	0.450411269
837	0.101241643	0.449983122
838	0.101241643	0.449553748
839	0.101241643	0.449123141
840	0.101241643	0.448693769
841	0.101241643	0.448265217
842	0.101241643	0.447838704
843	0.099331423	0.447411377
844	0.099331423	0.446984865
845	0.098376313	0.446557537
846	0.099331423	0.446131433
847	0.099331423	0.445704921
848	0.099331423	0.445279224
849	0.099331423	0.444853933
850	0.099331423	0.444428643
851	0.098376313	0.444003352
852	0.099331423	0.44357928
853	0.099331423	0.443156017
854	0.099331423	0.442733964
855	0.099331423	0.442311508
856	0.099331423	0.441888648
857	0.099331423	0.441466192
858	0.099331423	0.441043737
859	0.099331423	0.440621685
860	0.099331423	0.440199634
861	0.099331423	0.439777987
862	0.099331423	0.43935634
863	0.099331423	0.438935903
864	0.099331423	0.43851627
865	0.099331423	0.438098635
866	0.099331423	0.437681399
867	0.099331423	0.437265352
868	0.098376313	0.436850095
869	0.098376313	0.436432855
870	0.098376313	0.436017205
871	0.098376313	0.43560195
872	0.098376313	0.435185106
873	0.098376313	0.434769457
874	0.098376313	0.434354996
875	0.096466094	0.433941325
876	0.096466094	0.433528047
877	0.096466094	0.433115556
878	0.096466094	0.432703065
879	0.096466094	0.432290574
880	0.096466094	0.431879651
881	0.096466094	0.431469119
882	0.096466094	0.431058978
883	0.096466094	0.430650003
884	0.097421203	0.430241417
885	0.096466094	0.429831663
886	0.097421203	0.42942191
887	0.097421203	0.429012936
888	0.094555874	0.428605517
889	0.094555874	0.42819887
890	0.094555874	0.427792994
891	0.094555874	0.427386733
892	0.094555874	0.426980858
893	0.094555874	0.426573822
894	0.094555874	0.426167174
895	0.094555874	0.425760137
896	0.094555874	0.425353878
897	0.094555874	0.424948392
898	0.094555874	0.424544065
899	0.094555874	0.424139737
900	0.093600764	0.423735409
901	0.092645654	0.423331082
902	0.092645654	0.422928293
903	0.092645654	0.422525887
904	0.092645654	0.422123098
905	0.092645654	0.421720693
906	0.092645654	0.421319436
907	0.092645654	0.420917797
908	0.091690544	0.420516158
909	0.091690544	0.420114135
910	0.091690544	0.419713263
911	0.091690544	0.419311623
912	0.090735435	0.418911134
913	0.090735435	0.418513308
914	0.090735435	0.418116237
915	0.090735435	0.41771841
916	0.090735435	0.417321716
917	0.089780325	0.416924645
918	0.089780325	0.416528329
919	0.089780325	0.416132765
920	0.089780325	0.415737202
921	0.089780325	0.415341262
922	0.089780325	0.414945698
923	0.089780325	0.414550512
924	0.089780325	0.414156453
925	0.089780325	0.413763887
926	0.089780325	0.413369826
927	0.087870105	0.412975013
928	0.087870105	0.412581703
929	0.087870105	0.412190631
930	0.087870105	0.411800668
931	0.087870105	0.411410705
932	0.087870105	0.411020002
933	0.087870105	0.41063004
934	0.087870105	0.410240448
935	0.087870105	0.409850855
936	0.087870105	0.409462003
937	0.087870105	0.40907315
938	0.087870105	0.408683927
939	0.087870105	0.408295813
940	0.086914995	0.407908803
941	0.086914995	0.407522526
942	0.086914995	0.407137707
943	0.086914995	0.406752525
944	0.086914995	0.406366612
945	0.085959885	0.405981795
946	0.085959885	0.405596978
947	0.085959885	0.40521143
948	0.086914995	0.404826614
949	0.086914995	0.404442528
950	0.086914995	0.404057344
951	0.086914995	0.403672528
952	0.086914995	0.403288443
953	0.085959885	0.402904725
954	0.085004776	0.402521006
955	0.085004776	0.402137287
956	0.084049666	0.401753934
957	0.084049666	0.401371311
958	0.084049666	0.400988688
959	0.083094556	0.400607521
960	0.083094556	0.400227077
961	0.083094556	0.399846994
962	0.083094556	0.399467272
963	0.083094556	0.399086464
964	0.082139446	0.398704198
965	0.082139446	0.398323391
966	0.082139446	0.397943674
967	0.082139446	0.397565041
968	0.082139446	0.397185685
969	0.084049666	0.396806329
970	0.084049666	0.396427335
971	0.084049666	0.396048342
972	0.084049666	0.395670433
973	0.083094556	0.395292524
974	0.080229226	0.394916055
975	0.078319007	0.394540302
976	0.077363897	0.394164192
977	0.077363897	0.393788439
978	0.079274117	0.393413045
979	0.079274117	0.393039788
980	0.077363897	0.39266475
981	0.079274117	0.39229007
982	0.079274117	0.39191539
983	0.079274117	0.391539992
984	0.079274117	0.391166385
985	0.079274117	0.390792778
986	0.079274117	0.390418814
987	0.079274117	0.390045921
988	0.078319007	0.389674449
989	0.077363897	0.389304036
990	0.077363897	0.388935377
991	0.076408787	0.388565666
992	0.076408787	0.388195604
993	0.076408787	0.387825893
994	0.075453677	0.387456887
995	0.075453677	0.387087529
996	0.075453677	0.386718874
997	0.075453677	0.38635127
998	0.075453677	0.385982966
999	0.075453677	0.385613957
1000	0.075453677	0.385246005
1001	0.075453677	0.384878053
1002	0.075453677	0.384510101
1003	0.075453677	0.384143202
1004	0.075453677	0.383777002
1005	0.075453677	0.383410453
1006	0.075453677	0.383045994
1007	0.075453677	0.382682573
1008	0.075453677	0.382318806
1009	0.076408787	0.381955731
1010	0.076408787	0.381592655
1011	0.076408787	0.381230269
1012	0.076408787	0.380869255
1013	0.075453677	0.380508584
1014	0.075453677	0.380148594
1015	0.074498567	0.379789625
1016	0.074498567	0.379431333
1017	0.074498567	0.379072023
1018	0.074498567	0.378712372
1019	0.074498567	0.378353743
1020	0.074498567	0.377997142
1021	0.073543457	0.377639867
1022	0.073543457	0.377284942
1023	0.073543457	0.376930017
1024	0.073543457	0.376574423
1025	0.073543457	0.376219164
1026	0.072588348	0.37586424
1027	0.073543457	0.375510319
1028	0.073543457	0.37515573
1029	0.071633238	0.374802143
1030	0.070678128	0.374449554
1031	0.069723018	0.374097296
1032	0.069723018	0.373745701
1033	0.069723018	0.373394106
1034	0.069723018	0.373043501
1035	0.069723018	0.372693882
1036	0.069723018	0.37234557
1037	0.069723018	0.371996932
1038	0.069723018	0.371647967
1039	0.069723018	0.371298345
1040	0.069723018	0.370947069
1041	0.069723018	0.370596458
1042	0.069723018	0.370245846
1043	0.069723018	0.369894902
1044	0.069723018	0.369544623
1045	0.069723018	0.369194344
1046	0.069723018	0.368844728
1047	0.069723018	0.368497089
1048	0.069723018	0.368147803
1049	0.069723018	0.367797852
1050	0.069723018	0.367447569
1051	0.069723018	0.367097618
1052	0.069723018	0.366748334
1053	0.069723018	0.36639905
1054	0.069723018	0.366050762
1055	0.069723018	0.365704451
1056	0.068767908	0.365359772
1057	0.068767908	0.365016711
1058	0.068767908	0.364673973
1059	0.068767908	0.364330911
1060	0.068767908	0.363987203
1061	0.067812798	0.363643819
1062	0.066857689	0.36330269
1063	0.065902579	0.362962837
1064	0.065902579	0.362622665
1065	0.065902579	0.362282175
1066	0.065902579	0.361941043
1067	0.065902579	0.361598943
1068	0.065902579	0.361256196
1069	0.065902579	0.360914097
1070	0.065902579	0.360572645
1071	0.065902579	0.360231517
1072	0.064947469	0.359891034
1073	0.064947469	0.359551193
1074	0.064947469	0.359212314
1075	0.064947469	0.358873114
1076	0.064947469	0.358533915
1077	0.064947469	0.358194394
1078	0.064947469	0.357855516
1079	0.064947469	0.357515349
1080	0.064947469	0.35717615
1081	0.064947469	0.356836629
1082	0.063992359	0.356497108
1083	0.063992359	0.356160472
1084	0.063992359	0.355822879
1085	0.063992359	0.355484645
1086	0.063992359	0.355146732
1087	0.063992359	0.354808818
1088	0.063992359	0.354472825
1089	0.063992359	0.354136832
1090	0.063992359	0.35379988
1091	0.063037249	0.353463888
1092	0.063037249	0.353127895
1093	0.063037249	0.352791903
1094	0.064947469	0.352456868
1095	0.063992359	0.352123102
1096	0.063992359	0.351788066
1097	0.063992359	0.351453029
1098	0.064947469	0.351118312
1099	0.063992359	0.350784232
1100	0.063992359	0.350449514
1101	0.063992359	0.350115435
1102	0.063992359	0.349781036
1103	0.063992359	0.349447594
1104	0.063992359	0.349113833
1105	0.063992359	0.348780709
1106	0.063992359	0.348447585
1107	0.063992359	0.348113503
1108	0.063992359	0.347779741
1109	0.063992359	0.347446299
1110	0.063992359	0.347113815
1111	0.063992359	0.34678133
1112	0.063992359	0.346448207
1113	0.063992359	0.346115084
1114	0.063992359	0.345783238
1115	0.063037249	0.345452661
1116	0.063037249	0.345123031
1117	0.063037249	0.344794655
1118	0.063037249	0.344466904
1119	0.063037249	0.344139152
1120	0.063037249	0.343811712
1121	0.063037249	0.343483334
1122	0.063037249	0.34315527
1123	0.063037249	0.342826577
1124	0.063037249	0.342498514
1125	0.063037249	0.34217139
1126	0.063037249	0.341843953
1127	0.063037249	0.341517142
1128	0.063037249	0.341190019
1129	0.063037249	0.340864145
1130	0.063037249	0.340538893
1131	0.063037249	0.34021457
1132	0.063037249	0.339890864
1133	0.063037249	0.339568081
1134	0.063037249	0.339246216
1135	0.06112703	0.33892435
1136	0.06112703	0.338603703
1137	0.06112703	0.338283359
1138	0.06112703	0.33796362
1139	0.06112703	0.337643882
1140	0.06112703	0.337323536
1141	0.06112703	0.337004101
1142	0.06017192	0.336684666
1143	0.06017192	0.336365534
1144	0.06017192	0.336047307
1145	0.06017192	0.33572908
1146	0.06017192	0.335410552
1147	0.06017192	0.335092627
1148	0.06017192	0.334775904
1149	0.05921681	0.334459182
1150	0.05921681	0.334141858
1151	0.05921681	0.333825735
1152	0.05921681	0.333509911
1153	0.05921681	0.333195576
1154	0.05921681	0.332881537
1155	0.05921681	0.332567794
1156	0.05921681	0.33225405
1157	0.0582617	0.331940011
1158	0.0582617	0.331625971
1159	0.0582617	0.331313116
1160	0.0582617	0.330999669
1161	0.0582617	0.330686519
1162	0.0582617	0.330373369
1163	0.0582617	0.330058728
1164	0.0582617	0.329744386
1165	0.0582617	0.329429444
1166	0.0582617	0.329115103
1167	0.0582617	0.328801361
1168	0.0582617	0.32848762
1169	0.0582617	0.328173878
1170	0.0582617	0.327860735
1171	0.0582617	0.327547292
1172	0.05730659	0.32723385
1173	0.05635148	0.326920408
1174	0.055396371	0.326607864
1175	0.055396371	0.326295918
1176	0.055396371	0.325984269
1177	0.055396371	0.325672919
1178	0.055396371	0.325361865
1179	0.055396371	0.325051109
1180	0.055396371	0.324740946
1181	0.055396371	0.324430782
1182	0.055396371	0.324121801
1183	0.055396371	0.323812819
1184	0.054441261	0.323503837
1185	0.054441261	0.32319515
1186	0.054441261	0.322886168
1187	0.054441261	0.322576594
1188	0.054441261	0.322267316
1189	0.053486151	0.321958927
1190	0.054441261	0.321650241
1191	0.054441261	0.321341852
1192	0.054441261	0.321033462
1193	0.054441261	0.320725664
1194	0.054441261	0.320418749
1195	0.054441261	0.320112129
1196	0.054441261	0.319805214
1197	0.054441261	0.31949918
1198	0.054441261	0.319192559
1199	0.054441261	0.318885348
1200	0.054441261	0.318578727
1201	0.054441261	0.318272402
1202	0.054441261	0.317965781
1203	0.054441261	0.317661216
1204	0.054441261	0.317359256
1205	0.054441261	0.317058442
1206	0.054441261	0.316758481
1207	0.054441261	0.316459088
1208	0.054441261	0.316158557
1209	0.052531041	0.315858596
1210	0.051575931	0.315557492
1211	0.051575931	0.315256387
1212	0.050620821	0.314955857
1213	0.049665712	0.314655039
1214	0.048710602	0.314355368
1215	0.048710602	0.314056267
1216	0.048710602	0.313757734
1217	0.048710602	0.313459768
1218	0.048710602	0.313161803
1219	0.048710602	0.312863837
1220	0.048710602	0.312567003
1221	0.048710602	0.312270168
1222	0.048710602	0.311973615
1223	0.048710602	0.311677625
1224	0.048710602	0.311381353
1225	0.048710602	0.311085363
1226	0.048710602	0.310789092
1227	0.048710602	0.310493665
1228	0.048710602	0.310198238
1229	0.048710602	0.309902811
1230	0.048710602	0.309608506
1231	0.048710602	0.309314481
1232	0.048710602	0.309019896
1233	0.048710602	0.30872643
1234	0.048710602	0.308433242
1235	0.046800382	0.308141442
1236	0.046800382	0.307850468
1237	0.046800382	0.307558943
1238	0.046800382	0.307269339
1239	0.046800382	0.306979736
1240	0.048710602	0.306690132
1241	0.048710602	0.306399981
1242	0.048710602	0.306109278
1243	0.048710602	0.305818576
1244	0.048710602	0.305527874
1245	0.048710602	0.305238822
1246	0.048710602	0.304949496
1247	0.048710602	0.304659896
1248	0.048710602	0.304371119
1249	0.048710602	0.304083976
1250	0.046800382	0.303798719
1251	0.046800382	0.30351373
1252	0.046800382	0.303229541
1253	0.046800382	0.302945352
1254	0.046800382	0.302661163
1255	0.045845272	0.302378302
1256	0.045845272	0.302094645
1257	0.045845272	0.301810722
1258	0.045845272	0.301527065
1259	0.044890162	0.301243141
1260	0.043935053	0.300959752
1261	0.043935053	0.300676895
1262	0.043935053	0.300394569
1263	0.043935053	0.300112243
1264	0.043935053	0.299831764
1265	0.043935053	0.299552071
1266	0.043935053	0.299272898
1267	0.043935053	0.298993204
1268	0.043935053	0.298712985
1269	0.043935053	0.298432767
1270	0.043935053	0.298153335
1271	0.043935053	0.297875207
1272	0.043935053	0.297596298
1273	0.043935053	0.29731791
1274	0.043935053	0.297038476
1275	0.043935053	0.296759828
1276	0.043935053	0.296482223
1277	0.043935053	0.296203836
1278	0.043935053	0.295925972
1279	0.043935053	0.295646532
1280	0.043935053	0.295367621
1281	0.043935053	0.295088445
1282	0.043935053	0.29480927
1283	0.043935053	0.294530622
1284	0.043935053	0.294251446
1285	0.043935053	0.293972799
1286	0.043935053	0.293694152
1287	0.043935053	0.293415769
1288	0.043935053	0.293137386
1289	0.043935053	0.292859002
1290	0.043935053	0.292579823
1291	0.043935053	0.29230091
1292	0.043935053	0.292023585
1293	0.043935053	0.291747309
1294	0.043935053	0.291469983
1295	0.042979943	0.291192128
1296	0.042979943	0.290914272
1297	0.042024833	0.290637475
1298	0.042024833	0.290360149
1299	0.042024833	0.290083088
1300	0.042024833	0.289806291
1301	0.042979943	0.289528964
1302	0.042979943	0.28925296
1303	0.042979943	0.288977481
1304	0.042979943	0.288702002
1305	0.042024833	0.288427047
1306	0.042024833	0.288153657
1307	0.042024833	0.287879746
1308	0.042024833	0.287606616
1309	0.042024833	0.287334776
1310	0.042024833	0.287064978
1311	0.042024833	0.28679365
1312	0.042024833	0.286523599
1313	0.041069723	0.286252527
1314	0.040114613	0.285982222
1315	0.040114613	0.285711662
1316	0.040114613	0.285441102
1317	0.040114613	0.285170798
1318	0.040114613	0.28490075
1319	0.040114613	0.284631213
1320	0.041069723	0.284361675
1321	0.040114613	0.284092394
1322	0.040114613	0.283823367
1323	0.040114613	0.283554849
1324	0.040114613	0.283287344
1325	0.040114613	0.283020092
1326	0.040114613	0.282754345
1327	0.040114613	0.282488349
1328	0.040114613	0.282223599
1329	0.040114613	0.281959592
1330	0.039159503	0.28169657
1331	0.040114613	0.281432809
1332	0.040114613	0.281168801
1333	0.041069723	0.280906026
1334	0.040114613	0.280643742
1335	0.040114613	0.280383163
1336	0.040114613	0.280120878
1337	0.040114613	0.279857358
1338	0.040114613	0.279593839
1339	0.040114613	0.279330568
1340	0.040114613	0.279067297
1341	0.040114613	0.278804522
1342	0.040114613	0.278542488
1343	0.040114613	0.278280945
1344	0.039159503	0.278018911
1345	0.040114613	0.277757122
1346	0.040114613	0.277494095
1347	0.039159503	0.277232308
1348	0.039159503	0.276970521
1349	0.039159503	0.276708734
1350	0.039159503	0.276447934
1351	0.037249284	0.27618787
1352	0.036294174	0.275928051
1353	0.036294174	0.275668964
1354	0.036294174	0.275409633
1355	0.036294174	0.275151032
1356	0.036294174	0.274892431
1357	0.036294174	0.274634317
1358	0.036294174	0.274376686
1359	0.035339064	0.274119055
1360	0.035339064	0.273861908
1361	0.036294174	0.27360476
1362	0.036294174	0.273346643
1363	0.036294174	0.273089012
1364	0.036294174	0.272830649
1365	0.036294174	0.27257447
1366	0.036294174	0.272319012
1367	0.036294174	0.272062349
1368	0.036294174	0.271805928
1369	0.035339064	0.271549749
1370	0.036294174	0.271292843
1371	0.036294174	0.271035937
1372	0.036294174	0.270781204
1373	0.036294174	0.270526949
1374	0.035339064	0.270272216
1375	0.035339064	0.270017242
1376	0.035339064	0.269762027
1377	0.034383954	0.269508253
1378	0.034383954	0.269255431
1379	0.034383954	0.269003555
1380	0.035339064	0.268751443
1381	0.035339064	0.268499567
1382	0.034383954	0.268248163
1383	0.035339064	0.267995813
1384	0.035339064	0.267744881
1385	0.035339064	0.267496047
1386	0.035339064	0.267246517
1387	0.035339064	0.266997452
1388	0.034383954	0.266748388
1389	0.034383954	0.266499555
1390	0.034383954	0.266251879
1391	0.034383954	0.266004433
1392	0.034383954	0.265756987
1393	0.034383954	0.265508848
1394	0.034383954	0.265260477
1395	0.034383954	0.265012105
1396	0.034383954	0.264763734
1397	0.034383954	0.264515363
1398	0.034383954	0.264266992
1399	0.034383954	0.264019551
1400	0.034383954	0.263773034
1401	0.034383954	0.26352536
1402	0.034383954	0.263278382
1403	0.034383954	0.263031636
1404	0.034383954	0.262785582
1405	0.034383954	0.262539988
1406	0.034383954	0.262293239
1407	0.034383954	0.262047416
1408	0.034383954	0.261801131
1409	0.034383954	0.261553916
1410	0.034383954	0.261306934
1411	0.034383954	0.261060418
1412	0.033428844	0.260813202
1413	0.033428844	0.260566453
1414	0.033428844	0.260320403
1415	0.033428844	0.260074121
1416	0.033428844	0.259828072
1417	0.033428844	0.259582951
1418	0.033428844	0.259337599
1419	0.033428844	0.259092478
1420	0.033428844	0.258847125
1421	0.033428844	0.258602237
1422	0.033428844	0.258357348
1423	0.033428844	0.258111995
1424	0.033428844	0.257866641
1425	0.033428844	0.257622218
1426	0.033428844	0.25737733
1427	0.033428844	0.25713337
1428	0.033428844	0.256890562
1429	0.033428844	0.256646833
1430	0.033428844	0.256403796
1431	0.033428844	0.256160529
1432	0.033428844	0.255918182
1433	0.033428844	0.255676294
1434	0.033428844	0.255433946
1435	0.033428844	0.255191139
1436	0.033428844	0.254948099
1437	0.033428844	0.254706213
1438	0.033428844	0.254464327
1439	0.032473734	0.254223585
1440	0.032473734	0.253983525
1441	0.031518625	0.253745043
1442	0.031518625	0.253507676
1443	0.031518625	0.253269864
1444	0.031518625	0.253032942
1445	0.031518625	0.252795575
1446	0.031518625	0.252558431
1447	0.031518625	0.252322615
1448	0.029608405	0.25208702
1449	0.029608405	0.251853173
1450	0.029608405	0.251619326
1451	0.029608405	0.251385913
1452	0.029608405	0.251151848
1453	0.029608405	0.250917564
1454	0.029608405	0.250683281
1455	0.029608405	0.250449435
1456	0.029608405	0.250216024
1457	0.029608405	0.24998152
1458	0.029608405	0.24974811
1459	0.029608405	0.249513825
1460	0.028653295	0.249280198
1461	0.028653295	0.249046132
1462	0.028653295	0.248812724
1463	0.028653295	0.248579753
1464	0.028653295	0.248346126
1465	0.027698185	0.248112058
1466	0.027698185	0.24787887
1467	0.027698185	0.247645901
1468	0.027698185	0.247413151
1469	0.026743075	0.247179962
1470	0.026743075	0.246946774
1471	0.026743075	0.246713585
1472	0.026743075	0.246481275
1473	0.026743075	0.246249183
1474	0.026743075	0.246017963
1475	0.028653295	0.245786308
1476	0.028653295	0.245554871
1477	0.028653295	0.245323215
1478	0.028653295	0.245091778
1479	0.027698185	0.244860995
1480	0.027698185	0.244630212
1481	0.027698185	0.244399646
1482	0.027698185	0.244168863
1483	0.027698185	0.243939165
1484	0.026743075	0.243709899
1485	0.026743075	0.243480417
1486	0.025787966	0.243250935
1487	0.025787966	0.243021236
1488	0.025787966	0.242792187
1489	0.025787966	0.242562921
1490	0.025787966	0.242334088
1491	0.025787966	0.242105687
1492	0.025787966	0.241877285
1493	0.025787966	0.241649099
1494	0.025787966	0.241420481
1495	0.025787966	0.241192079
1496	0.025787966	0.240963894
1497	0.025787966	0.240735275
1498	0.025787966	0.240507306
1499	0.025787966	0.240279121
1500	0.025787966	0.240050719
1501	0.025787966	0.239822534
1502	0.025787966	0.239594566
1503	0.025787966	0.23936703
1504	0.025787966	0.239139711
1505	0.025787966	0.238913039
1506	0.025787966	0.238686581
1507	0.025787966	0.238460338
1508	0.025787966	0.238234523
1509	0.025787966	0.238008708
1510	0.025787966	0.237784594
1511	0.025787966	0.237560692
1512	0.025787966	0.237337
1513	0.025787966	0.237113939
1514	0.025787966	0.236890247
1515	0.025787966	0.236666765
1516	0.025787966	0.236443705
1517	0.025787966	0.236220223
1518	0.025787966	0.235998212
1519	0.025787966	0.235775991
1520	0.025787966	0.235553561
1521	0.025787966	0.23533071
1522	0.025787966	0.235107859
1523	0.025787966	0.234884585
1524	0.025787966	0.23466131
1525	0.025787966	0.23443846
1526	0.025787966	0.23421561
1527	0.025787966	0.233993605
1528	0.025787966	0.233771388
1529	0.025787966	0.233548537
1530	0.025787966	0.233325898
1531	0.025787966	0.233103894
1532	0.025787966	0.232882101
1533	0.025787966	0.232660731
1534	0.025787966	0.23243978
1535	0.025787966	0.23221883
1536	0.025787966	0.231997458
1537	0.025787966	0.231776087
1538	0.025787966	0.231554926
1539	0.025787966	0.231333977
1540	0.025787966	0.231113238
1541	0.025787966	0.230892921
1542	0.024832856	0.230673023
1543	0.024832856	0.230453125
1544	0.024832856	0.230233436
1545	0.024832856	0.230013117
1546	0.024832856	0.229793009
1547	0.024832856	0.229573741
1548	0.024832856	0.229354891
1549	0.023877746	0.229135832
1550	0.023877746	0.228917399
1551	0.022922636	0.228700003
1552	0.022922636	0.228483432
1553	0.022922636	0.228267678
1554	0.022922636	0.228052736
1555	0.022922636	0.227838401
1556	0.022922636	0.227623864
1557	0.022922636	0.227408718
1558	0.022922636	0.227193979
1559	0.022922636	0.226979847
1560	0.022922636	0.226766119
1561	0.022922636	0.226552188
1562	0.022922636	0.226338258
1563	0.022922636	0.226124731
1564	0.022922636	0.225911607
1565	0.022922636	0.225698282
1566	0.022922636	0.22548556
1567	0.022922636	0.225272234
1568	0.022922636	0.225058503
1569	0.022922636	0.224845983
1570	0.022922636	0.224634662
1571	0.022922636	0.224423141
1572	0.022922636	0.224212415
1573	0.022922636	0.224002479
1574	0.022922636	0.22379391
1575	0.022922636	0.223585923
1576	0.022922636	0.223377354
1577	0.022922636	0.223168785
1578	0.022922636	0.222959826
1579	0.022922636	0.222751062
1580	0.022922636	0.222542102
1581	0.022922636	0.222333339
1582	0.022922636	0.22212555
1583	0.022922636	0.221917177
1584	0.022922636	0.221708609
1585	0.022922636	0.221500822
1586	0.022922636	0.221292644
1587	0.022922636	0.221084467
1588	0.021967526	0.220876289
1589	0.021967526	0.220667916
1590	0.021967526	0.22046013
1591	0.021967526	0.220252345
1592	0.021967526	0.220044756
1593	0.021967526	0.21983697
1594	0.021967526	0.219629185
1595	0.021967526	0.219421792
1596	0.021967526	0.21921518
1597	0.021967526	0.219008373
1598	0.021967526	0.218801762
1599	0.021967526	0.218594563
1600	0.021967526	0.218388147
1601	0.021967526	0.218181731
1602	0.021967526	0.217974531
1603	0.021967526	0.217767133
1604	0.021967526	0.21756013
1605	0.021967526	0.217353324
1606	0.021967526	0.217147302
1607	0.021967526	0.216941865
1608	0.021967526	0.216736233
1609	0.021967526	0.216530601
1610	0.021967526	0.216324577
1611	0.021967526	0.216118554
1612	0.021967526	0.215912334
1613	0.021967526	0.215706114
1614	0.021967526	0.215500287
1615	0.021967526	0.215295439
1616	0.021967526	0.215090396
1617	0.021967526	0.214885743
1618	0.021967526	0.214681866
1619	0.021967526	0.214478376
1620	0.021967526	0.214273917
1621	0.021967526	0.214069846
1622	0.021967526	0.213865776
1623	0.021967526	0.213662094
1624	0.021967526	0.2134588
1625	0.021967526	0.213256085
1626	0.021967526	0.213053563
1627	0.021967526	0.212851233
1628	0.021967526	0.212648903
1629	0.021967526	0.212446187
1630	0.021967526	0.212243857
1631	0.021967526	0.212040947
1632	0.021967526	0.211838231
1633	0.021967526	0.211635902
1634	0.021967526	0.211434152
1635	0.021967526	0.211233169
1636	0.021967526	0.211032186
1637	0.021967526	0.210831776
1638	0.021967526	0.210631745
1639	0.021967526	0.210432095
1640	0.021967526	0.210231683
1641	0.021967526	0.210031653
1642	0.021967526	0.209831623
1643	0.021967526	0.209631973
1644	0.021967526	0.209433458
1645	0.021967526	0.209234755
1646	0.021967526	0.209036616
1647	0.021967526	0.208838477
1648	0.021967526	0.208640338
1649	0.021967526	0.208442387
1650	0.021967526	0.208244436
1651	0.021967526	0.20804686
1652	0.021967526	0.20784966
1653	0.021967526	0.207653204
1654	0.021967526	0.207456935
1655	0.021967526	0.207259732
1656	0.021967526	0.207062904
1657	0.021967526	0.206866077
1658	0.021967526	0.206669623
1659	0.021967526	0.206473169
1660	0.021967526	0.206276715
1661	0.021967526	0.206081192
1662	0.021967526	0.205886224
1663	0.021967526	0.205690328
1664	0.021967526	0.205494805
1665	0.021967526	0.205299653
1666	0.021967526	0.20510413
1667	0.021967526	0.20490842
1668	0.021967526	0.204712147
1669	0.021967526	0.204516625
1670	0.021967526	0.204321289
1671	0.021967526	0.204125766
1672	0.021967526	0.20393099
1673	0.021967526	0.203736027
1674	0.021967526	0.203540877
1675	0.021967526	0.203345353
1676	0.021967526	0.203150578
1677	0.021967526	0.202955989
1678	0.021967526	0.2027614
1679	0.021967526	0.202566998
1680	0.021967526	0.202372596
1681	0.021967526	0.202178194
1682	0.021967526	0.201984537
1683	0.021967526	0.20179125
1684	0.021967526	0.201597964
1685	0.021967526	0.201404677
1686	0.021967526	0.201211576
1687	0.021967526	0.201018844
1688	0.021967526	0.200825743
1689	0.021967526	0.200633196
1690	0.021967526	0.200440835
1691	0.021967526	0.200248288
1692	0.021967526	0.200056111
1693	0.021967526	0.19986375
1694	0.021967526	0.199671942
1695	0.021967526	0.199480502
1696	0.021967526	0.199288878
1697	0.020057307	0.199097622
1698	0.020057307	0.198906366
1699	0.020057307	0.198715477
1700	0.020057307	0.198524588
1701	0.020057307	0.198333699
1702	0.020057307	0.198143359
1703	0.020057307	0.197953202
1704	0.020057307	0.197763228
1705	0.020057307	0.197573254
1706	0.020057307	0.197383462
1707	0.020057307	0.197194216
1708	0.020057307	0.197005152
1709	0.020057307	0.196816087
1710	0.019102197	0.196627566
1711	0.019102197	0.196439765
1712	0.019102197	0.196251964
1713	0.019102197	0.196064701
1714	0.019102197	0.195877438
1715	0.019102197	0.195690532
1716	0.019102197	0.195503268
1717	0.019102197	0.195316362
1718	0.019102197	0.195129814
1719	0.019102197	0.194943265
1720	0.019102197	0.194756717
1721	0.019102197	0.194570168
1722	0.019102197	0.194384332
1723	0.019102197	0.194198851
1724	0.019102197	0.194013723
1725	0.019102197	0.193828596
1726	0.019102197	0.193643997
1727	0.019102197	0.19345975
1728	0.019102197	0.193276027
1729	0.019102197	0.193093519
1730	0.019102197	0.192911183
1731	0.019102197	0.192728675
1732	0.019102197	0.192546167
1733	0.019102197	0.192364004
1734	0.019102197	0.192181841
1735	0.019102197	0.191999678
1736	0.019102197	0.191816822
1737	0.019102197	0.191633965
1738	0.019102197	0.191451456
1739	0.019102197	0.191269295
1740	0.019102197	0.19108748
1741	0.019102197	0.190905318
1742	0.019102197	0.19072385
1743	0.019102197	0.190541861
1744	0.019102197	0.190359524
1745	0.019102197	0.190177362
1746	0.019102197	0.189995025
1747	0.019102197	0.189813212
1748	0.019102197	0.189631919
1749	0.019102197	0.189451318
1750	0.019102197	0.189270888
1751	0.019102197	0.189090458
1752	0.019102197	0.1889102
1753	0.019102197	0.188729598
1754	0.019102197	0.188548995
1755	0.019102197	0.188369596
1756	0.019102197	0.188190025
1757	0.019102197	0.188010796
1758	0.019102197	0.187831397
1759	0.019102197	0.187652168
1760	0.019102197	0.187472768
1761	0.019102197	0.187293711
1762	0.019102197	0.187115166
1763	0.019102197	0.186936621
1764	0.019102197	0.186757906
1765	0.019102197	0.186579019
1766	0.019102197	0.18639996
1767	0.019102197	0.186221416
1768	0.019102197	0.186043214
1769	0.019102197	0.185865012
1770	0.019102197	0.185686638
1771	0.019102197	0.185509287
1772	0.019102197	0.185332274
1773	0.019102197	0.185155935
1774	0.019102197	0.184979932
1775	0.019102197	0.184803928
1776	0.019102197	0.184628259
1777	0.019102197	0.18445259
1778	0.019102197	0.184276753
1779	0.019102197	0.184100749
1780	0.019102197	0.183924912
1781	0.019102197	0.183748907
1782	0.019102197	0.183573239
1783	0.019102197	0.183397403
1784	0.019102197	0.183222405
1785	0.019102197	0.183047408
1786	0.019102197	0.182872075
1787	0.019102197	0.182697412
1788	0.019102197	0.182522582
1789	0.019102197	0.182348086
1790	0.019102197	0.182173256
1791	0.019102197	0.181999426
1792	0.019102197	0.181825097
1793	0.019102197	0.181650936
1794	0.019102197	0.18147694
1795	0.018147087	0.181303278
1796	0.018147087	0.181129782
1797	0.018147087	0.180956618
1798	0.018147087	0.180783785
1799	0.018147087	0.180610951
1800	0.018147087	0.180437786
1801	0.018147087	0.180265119
1802	0.018147087	0.180092616
1803	0.018147087	0.179919782
1804	0.018147087	0.17974728
1805	0.016236867	0.179574778
1806	0.016236867	0.179402936
1807	0.016236867	0.179231259
1808	0.016236867	0.179059581
1809	0.016236867	0.178887904
1810	0.016236867	0.178716391
1811	0.016236867	0.17854537
1812	0.016236867	0.178374514
1813	0.016236867	0.178204146
1814	0.016236867	0.178033779
1815	0.015281757	0.177863249
1816	0.015281757	0.177694016
1817	0.015281757	0.177524784
1818	0.015281757	0.177355874
1819	0.015281757	0.177186641
1820	0.015281757	0.177017731
1821	0.015281757	0.176848821
1822	0.015281757	0.176680393
1823	0.015281757	0.176512446
1824	0.015281757	0.176344818
1825	0.015281757	0.176177349
1826	0.015281757	0.17600988
1827	0.015281757	0.175842411
1828	0.015281757	0.175675102
1829	0.015281757	0.175507951
1830	0.015281757	0.175340322
1831	0.015281757	0.175172852
1832	0.015281757	0.175005383
1833	0.015281757	0.17483887
1834	0.015281757	0.174672831
1835	0.015281757	0.174507265
1836	0.015281757	0.174341383
1837	0.015281757	0.174175974
1838	0.015281757	0.174010407
1839	0.015281757	0.173844525
1840	0.015281757	0.173678959
1841	0.015281757	0.173513393
1842	0.015281757	0.173347351
1843	0.015281757	0.173180991
1844	0.015281757	0.173015267
1845	0.015281757	0.172849385
1846	0.015281757	0.172683979
1847	0.015281757	0.172519361
1848	0.014326648	0.172354901
1849	0.015281757	0.172190753
1850	0.016236867	0.172027229
1851	0.016236867	0.171863394
1852	0.016236867	0.171700025
1853	0.016236867	0.171536812
1854	0.016236867	0.171373755
1855	0.016236867	0.171211161
1856	0.016236867	0.171049183
1857	0.016236867	0.170886743
1858	0.016236867	0.170724148
1859	0.016236867	0.170561243
1860	0.016236867	0.170398649
1861	0.016236867	0.170235276
1862	0.016236867	0.170072682
1863	0.016236867	0.169910089
1864	0.016236867	0.169747961
1865	0.016236867	0.169586604
1866	0.016236867	0.169425093
1867	0.016236867	0.169264042
1868	0.016236867	0.169103145
1869	0.015281757	0.168942705
1870	0.015281757	0.168782722
1871	0.015281757	0.168622738
1872	0.015281757	0.16846245
1873	0.015281757	0.168301704
1874	0.015281757	0.168141721
1875	0.015281757	0.167981433
1876	0.015281757	0.167820686
1877	0.015281757	0.167660856
1878	0.015281757	0.167501027
1879	0.015281757	0.167341045
1880	0.015281757	0.167180757
1881	0.015281757	0.167020469
1882	0.015281757	0.16686064
1883	0.015281757	0.166700965
1884	0.015281757	0.16654129
1885	0.015281757	0.166381768
1886	0.014326648	0.166222703
1887	0.014326648	0.16606379
1888	0.014326648	0.165905181
1889	0.014326648	0.165746268
1890	0.014326648	0.165587507
1891	0.013371538	0.165429504
1892	0.013371538	0.165272102
1893	0.013371538	0.165114999
1894	0.013371538	0.164958046
1895	0.013371538	0.164801092
1896	0.013371538	0.164643989
1897	0.013371538	0.164487632
1898	0.013371538	0.16433172
1899	0.013371538	0.164175807
1900	0.013371538	0.164019895
1901	0.013371538	0.163863834
1902	0.013371538	0.163708807
1903	0.013371538	0.163554072
1904	0.013371538	0.163399338
1905	0.013371538	0.163245042
1906	0.013371538	0.163090892
1907	0.013371538	0.16293645
1908	0.013371538	0.162782154
1909	0.013371538	0.162627565
1910	0.013371538	0.16247327
1911	0.013371538	0.162319412
1912	0.013371538	0.162166569
1913	0.013371538	0.1620143
1914	0.013371538	0.161862459
1915	0.013371538	0.16171019
1916	0.013371538	0.161558634
1917	0.013371538	0.161406793
1918	0.013371538	0.161255095
1919	0.013371538	0.161104107
1920	0.013371538	0.160952693
1921	0.013371538	0.160801847
1922	0.013371538	0.160650718
1923	0.013371538	0.160499872
1924	0.013371538	0.1603486
1925	0.013371538	0.160197612
1926	0.013371538	0.160047333
1927	0.013371538	0.159896913
1928	0.013371538	0.159746775
1929	0.013371538	0.15959607
1930	0.013371538	0.159445933
1931	0.013371538	0.159295654
1932	0.013371538	0.159145375
1933	0.013371538	0.158995096
1934	0.013371538	0.158845242
1935	0.013371538	0.158694535
1936	0.013371538	0.158544114
1937	0.013371538	0.158394403
1938	0.013371538	0.158244833
1939	0.013371538	0.158095826
1940	0.013371538	0.15794696
1941	0.013371538	0.157798094
1942	0.013371538	0.157649368
1943	0.013371538	0.157500642
1944	0.015281757	0.157351635
1945	0.015281757	0.15720305
1946	0.015281757	0.157053901
1947	0.015281757	0.156904894
1948	0.015281757	0.156756309
1949	0.015281757	0.156608147
1950	0.015281757	0.156459984
1951	0.015281757	0.15631168
1952	0.015281757	0.156163518
1953	0.015281757	0.156015775
1954	0.015281757	0.155868173
1955	0.015281757	0.155720571
1956	0.015281757	0.155573387
1957	0.015281757	0.155426203
1958	0.015281757	0.155278879
1959	0.015281757	0.155131556
1960	0.015281757	0.154984372
1961	0.015281757	0.154837468
1962	0.015281757	0.15469167
1963	0.015281757	0.154545596
1964	0.015281757	0.154399246
1965	0.015281757	0.154253587
1966	0.015281757	0.154108611
1967	0.015281757	0.153963636
1968	0.015281757	0.153818524
1969	0.015281757	0.153672587
1970	0.015281757	0.15352651
1971	0.015281757	0.153380711
1972	0.015281757	0.153235326
1973	0.015281757	0.153089942
1974	0.015281757	0.152944833
1975	0.015281757	0.152799586
1976	0.014326648	0.152654339
1977	0.014326648	0.152509231
1978	0.014326648	0.152364535
1979	0.014326648	0.152219839
1980	0.014326648	0.152075006
1981	0.014326648	0.151930722
1982	0.014326648	0.151786985
1983	0.014326648	0.151643383
1984	0.014326648	0.151499917
1985	0.014326648	0.151356315
1986	0.013371538	0.15121285
1987	0.013371538	0.15106952
1988	0.013371538	0.150926326
1989	0.013371538	0.150783132
1990	0.013371538	0.150639529
1991	0.013371538	0.150496063
1992	0.013371538	0.15035287
1993	0.013371538	0.150209676
1994	0.013371538	0.15006621
1995	0.013371538	0.14992329
1996	0.013371538	0.149780233
1997	0.013371538	0.149637449
1998	0.013371538	0.149494529
1999	0.013371538	0.149351472
2000	0.013371538	0.149208415
