0.0001	0.043132217	0.0310164	0.07177782
0.0002	0.042851639	0.0307793	0.07155158
0.0003	0.042570675	0.0305417	0.071325027
0.0004	0.042289324	0.0303036	0.071098151
0.0005	0.042007585	0.0300651	0.070870963
0.0006	0.041725461	0.0298262	0.070643457
0.0007	0.041442946	0.0295868	0.070415629
0.0008	0.041160045	0.029347	0.070187514
0.0009	0.040876758	0.0291068	0.069959053
0.001	0.040593082	0.0288661	0.069730293
0.0011	0.04030902	0.0286249	0.0695012
0.0012	0.04002457	0.0283833	0.069271768
0.0013	0.039739733	0.0281413	0.069042054
0.0014	0.039454515	0.0278988	0.068812046
0.0015	0.0391689	0.0276558	0.068581625
0.0016	0.038882903	0.0274124	0.068350922
0.0017	0.03859652	0.0271685	0.068119911
0.0018	0.038309774	0.0269242	0.067888541
0.0019	0.03802262	0.0266794	0.067656859
0.002	0.037735079	0.0264341	0.06742486
0.0021	0.037447157	0.0261884	0.067192526
0.0022	0.037158824	0.0259422	0.066959866
0.0023	0.036870135	0.0256956	0.066726869
0.0024	0.036581063	0.0254485	0.066493535
0.0025	0.036291604	0.0252009	0.066259856
0.0026	0.036001759	0.0249529	0.06602587
0.0027	0.035711547	0.0247044	0.065791538
0.0028	0.035420941	0.0244554	0.065556865
0.0029	0.035129965	0.0242059	0.065321843
0.003	0.034838605	0.023956	0.065086485
0.0031	0.03454688	0.0237056	0.064850817
0.0032	0.034254773	0.0234547	0.064614791
0.0033	0.0339623	0.0232034	0.064378413
0.0034	0.033669419	0.0229516	0.064141672
0.0035	0.033376185	0.0226992	0.063904636
0.0036	0.033082582	0.0224465	0.06366724
0.0037	0.032788607	0.0221932	0.063429473
0.0038	0.032494254	0.0219395	0.063191381
0.0039	0.032199556	0.0216853	0.062952939
0.004	0.031904487	0.0214306	0.062714143
0.0041	0.031609043	0.0211754	0.06247496
0.0042	0.031313244	0.0209197	0.062235494
0.0043	0.031017085	0.0206636	0.061995647
0.0044	0.030720569	0.0204069	0.061755428
0.0045	0.030423694	0.0201498	0.061514863
0.0046	0.030126473	0.0198922	0.061273951
0.0047	0.029828894	0.0196342	0.061032696
0.0048	0.029530965	0.0193756	0.060791043
0.0049	0.029232703	0.0191166	0.060549043
0.005	0.028934078	0.018857	0.060306681
0.0051	0.028635127	0.018597	0.060063952
0.0052	0.028335834	0.0183366	0.059820885
0.0053	0.028036206	0.0180756	0.05957744
0.0054	0.027736236	0.0178141	0.059333614
0.0055	0.027435961	0.0175522	0.059089448
0.0056	0.027135349	0.0172898	0.058844899
0.0057	0.026834417	0.0170269	0.058599969
0.0058	0.026533178	0.0167635	0.05835469
0.0059	0.026231607	0.0164997	0.058109046
0.006	0.025929737	0.0162353	0.05786301
0.0061	0.025627562	0.0159705	0.057616609
0.0062	0.025325087	0.0157053	0.057369821
0.0063	0.025022317	0.0154395	0.057122668
0.0064	0.02471926	0.0151733	0.056875144
0.0065	0.024415915	0.0149066	0.056627216
0.0066	0.024112292	0.0146395	0.05637892
0.0067	0.023808396	0.0143719	0.056130232
0.0068	0.02350423	0.0141038	0.0558812
0.0069	0.023199804	0.0138353	0.055631758
0.007	0.022895122	0.0135663	0.055381935
0.0071	0.022590187	0.0132968	0.055131724
0.0072	0.02228502	0.0130269	0.054881111
0.0073	0.021979614	0.0127566	0.054630128
0.0074	0.02167398	0.0124858	0.054378774
0.0075	0.021368125	0.0122146	0.054126996
0.0076	0.021062078	0.011943	0.053874842
0.0077	0.020755798	0.0116709	0.053622278
0.0078	0.02044935	0.0113984	0.053369334
0.0079	0.020142711	0.0111255	0.053115923
0.008	0.019835892	0.0108522	0.052862272
0.0081	0.019528932	0.0105785	0.052608117
0.0082	0.019221791	0.0103043	0.052353583
0.0083	0.018914522	0.0100298	0.052098632
0.0084	0.018607119	0.0097549	0.051843263
0.0085	0.018299594	0.0094796	0.051587516
0.0086	0.017991995	0.009204	0.051331405
0.0087	0.017684269	0.008928	0.051074835
0.0088	0.017376473	0.0086516	0.050817871
0.0089	0.017068622	0.0083749	0.050560493
0.009	0.016760718	0.0080979	0.050302722
0.0091	0.016452776	0.0078205	0.050044544
0.0092	0.016144825	0.0075429	0.049785954
0.0093	0.015836881	0.0072649	0.049526916
0.0094	0.015528943	0.0069867	0.04926748
0.0095	0.015221044	0.0067082	0.04900764
0.0096	0.0149132	0.0064294	0.04874738
0.0097	0.01460545	0.0061504	0.048486695
0.0098	0.014297789	0.0058712	0.048225592
0.0099	0.013990249	0.0055918	0.047964068
0.01	0.013682852	0.0053123	0.047702155
0.0101	0.013375629	0.0050325	0.047439752
0.0102	0.013068599	0.0047527	0.047176959
0.0103	0.012761789	0.0044727	0.046913727
0.0104	0.012455229	0.0041927	0.046650082
0.0105	0.012148946	0.0039126	0.04638604
0.0106	0.011842973	0.0036325	0.046121526
0.0107	0.011537344	0.0033524	0.045856594
0.0108	0.011232085	0.0030724	0.045591248
0.0109	0.01092724	0.0027926	0.045325438
0.011	0.010622842	0.0025129	0.045059215
0.0111	0.010318931	0.0022334	0.044792553
0.0112	0.01001555	0.0019543	0.044525452
0.0113	0.009712738	0.0016755	0.044257918
0.0114	0.009410546	0.0013973	0.043989942
0.0115	0.009109021	0.0011197	0.043721529
0.0116	0.008808212	0.0008431	0.043452675
0.0117	0.008508181	0.0005678	0.043183379
0.0118	0.00820897	0.0002946	0.042913638
0.0119	0.007910661	0	0.042643461
0.012	0.007613313	0	0.042372838
0.0121	0.007316995	0	0.042101766
0.0122	0.007021791	0	0.041830245
0.0123	0.006727795	0	0.041558298
0.0124	0.006435055	0	0.041285876
0.0125	0.006143723	0	0.041012991
0.0126	0.005853869	0	0.040739717
0.0127	0.005565651	0	0.040465944
0.0128	0.00527917	0	0.040191732
0.0129	0.004994548	0	0.039917072
0.013	0.004712027	0	0.039641949
0.0131	0.004431698	0	0.039366382
0.0132	0.004153818	0	0.039056527
0.0133	0.003878626	0	0.038780788
0.0134	0.003606366	0	0.038504599
0.0135	0.003337384	0	0.038227974
0.0136	0.003071968	0	0.037950883
0.0137	0.002810617	0	0.037673335
0.0138	0.002553797	0	0.037395307
0.0139	0.002302139	0	0.037116828
0.014	0.002056366	0	0.036837881
0.0141	0.00181745	0	0.036558489
0.0142	0.001586581	0	0.036278641
0.0143	0.001365517	0	0.035998311
0.0144	0.001156498	0	0.035717464
0.0145	0.000963381	0	0.035436247
0.0146	0.000793771	0	0.035154543
0.0147	0.000665471	0	0.03487237
0.0148	0.00061733	0	0.034589717
0.0149	5.06E-06	0	3.43E-02
0.015	0	0	0.03402304
0.0151	0	0	0.033739009
0.0152	0	0	3.35E-02
0.0153	0	0	0.033169544
0.0154	0	0	0.032884104
0.0155	0	0	0.032598233
0.0156	0	0	0.032311878
0.0157	0	0	0.032025066
0.0158	0	0	0.031737772
0.0159	0	0	0.031450065
0.016	0	0	0.031161864
0.0161	0	0	0.030873211
0.0162	0	0	0.030584071
0.0163	0	0	0.030294534
0.0164	0	0	0.030004493
0.0165	0	0	0.029714027
0.0166	0	0	0.029423093
0.0167	0	0	0.029131682
0.0168	0	0	0.028839841
0.0169	0	0	0.02854758
0.017	0	0	0.028254829
0.0171	0	0	0.027961656
0.0172	0	0	0.027668024
0.0173	0	0	0.02737394
0.0174	0	0	0.027079426
0.0175	0	0	0.026784464
0.0176	0	0	0.026489058
0.0177	0	0	0.026193217
0.0178	0	0	0.025896935
0.0179	0	0	0.025600253
0.018	0	0	0.025303101
0.0181	0	0	0.025005513
0.0182	0	0	0.024707504
0.0183	0	0	0.024409075
0.0184	0	0	0.024110224
0.0185	0	0	0.023810932
0.0186	0	0	0.023511242
0.0187	0	0	0.023211101
0.0188	0	0	0.022910531
0.0189	0	0	0.022609578
0.019	0	0	0.022308205
0.0191	0	0	0.022006404
0.0192	0	0	0.021704194
0.0193	0	0	0.021401571
0.0194	0	0	0.021098572
0.0195	0	0	0.020795131
0.0196	0	0	0.020491291
0.0197	0	0	0.020187067
0.0198	0	0	0.019882424
0.0199	0	0	0.019577383
0.02	0	0	0.019271949
0.0201	0	0	0.018966108
0.0202	0	0	0.018659886
0.0203	0	0	0.018353246
0.0204	0	0	0.018046269
0.0205	0	0	0.017738879
0.0206	0	0	0.017431111
0.0207	0	0	0.017122954
0.0208	0	0	0.01681442
0.0209	0	0	0.016505515
0.021	0	0	0.016196226
0.0211	0	0	0.015886555
0.0212	0	0	0.015576549
0.0213	0	0	0.015266175
0.0214	0	0	0.014955445
0.0215	0	0	0.014644362
0.0216	0	0	0.014332905
0.0217	0	0	0.01402111
0.0218	0	0	0.013708983
0.0219	0	0	0.013396519
0.022	0	0	0.013083728
0.0221	0	0	0.012770624
0.0222	0	0	0.012457182
0.0223	0	0	0.012143443
0.0224	0	0	0.011829397
0.0225	0	0	0.011515086
0.0226	0	0	0.011200456
0.0227	0	0	0.010885577
0.0228	0	0	0.010570453
0.0229	0	0	0.010255081
0.023	0	0	0.009939451
0.0231	0	0	0.009623644
0.0232	0	0	0.009307622
0.0233	0	0	0.008991409
0.0234	0	0	0.008675054
0.0235	0	0	0.008358561
0.0236	0	0	0.008041953
0.0237	0	0	0.007725292
0.0238	0	0	0.00740857
0.0239	0	0	0.007091833
0.024	0	0	0.006775115
0.0241	0	0	0.006458497
0.0242	0	0	0.006142022
0.0243	0	0	0.005825746
0.0244	0	0	0.005509698
0.0245	0	0	0.005194031
0.0246	0	0	0.00487879
0.0247	0	0	0.004564038
0.0248	0	0	0.004249891
0.0249	0	0	0.003936446
0.025	0	0	0.003623715
0.0251	0	0	0.003311753
0.0252	0	0	0.003000838
0.0253	0	0	0.002691129
0.0254	0	0	0.002381936
0.0255	0	0	0.002071166
0.0256	0	0	0.001754391
