1	0.292498556	0.29935611	0.301236608	0.28925601	0.286510922	0.278655745
2	0.290238552	0.297844473	0.296500365	0.281929049	0.279507375	0.271696248
3	0.295303649	0.298772751	0.297279873	0.279869354	0.272424938	0.251734111
4	0.293056105	0.301296429	0.298825135	0.267712321	0.27187127	0.242984635
5	0.295369652	0.300784467	0.29956298	0.267531106	0.264559187	0.23595019
6	0.295124589	0.301676479	0.301040746	0.274665742	0.265874394	0.225950773
7	0.295153113	0.302730821	0.306125944	0.274214121	0.264025908	0.21983063
8	0.295541011	0.299316335	0.308243465	0.275066088	0.263978456	0.223917328
9	0.296784609	0.300326258	0.309470768	0.277661917	0.263629921	0.216372157
10	0.299561776	0.29336343	0.310661188	0.278675712	0.277851581	0.212475684
11	0.295461645	0.294309506	0.315895008	0.281313399	0.283143727	0.210033023
12	0.292682495	0.293823363	0.315942295	0.286211374	0.290254397	0.212792889
13	0.293182063	0.297462289	0.314562471	0.28191538	0.294573789	0.270864152
14	0.293694623	0.297640333	0.321063309	0.283032876	0.292382009	0.273603423
15	0.294504959	0.29851181	0.323900564	0.283722834	0.300770611	0.254825199
16	0.274851951	0.2994884	0.32412108	0.289547012	0.305194776	0.253473914
17	0.275435774	0.288076241	0.326484171	0.292838504	0.305698147	0.253447215
18	0.272581276	0.289252828	0.326776456	0.292107551	0.310530414	0.25264507
19	0.272905654	0.29003602	0.328959881	0.294353783	0.314313928	0.250345321
20	0.271638009	0.291818325	0.333630268	0.302345057	0.314926591	0.244284198
21	0.276486088	0.290520175	0.336240847	0.309073837	0.314904312	0.23634124
22	0.277194001	0.293004603	0.336709429	0.310416271	0.319108552	0.235847819
23	0.273453803	0.293752575	0.337470851	0.316112363	0.31957368	0.227611045
24	0.274105413	0.293643745	0.340405446	0.321722921	0.321016908	0.232552719
25	0.274299113	0.29442431	0.348193086	0.315781446	0.320779833	0.213644528
26	0.275556043	0.294623958	0.354574745	0.316445406	0.322559235	0.21154029
27	0.274421238	0.29346828	0.360301614	0.320019499	0.320912393	0.207710227
28	0.274576932	0.294881371	0.360663347	0.319946255	0.328683923	0.197184128
29	0.275133268	0.293301998	0.353328837	0.32391354	0.330481763	0.189734839
30	0.267940939	0.29062784	0.356043229	0.329266107	0.330584263	0.187974849
31	0.269757241	0.287083642	0.358837969	0.329824267	0.328974394	0.177875784
32	0.263103255	0.289486866	0.359866249	0.331675196	0.3323063	0.166606442
33	0.253494716	0.29022477	0.358943255	0.336597408	0.330233486	0.16132036
34	0.250912482	0.287818207	0.360280394	0.340610556	0.335277626	0.148804945
35	0.250929963	0.290883274	0.36151456	0.339521282	0.338103449	0.134889361
36	0.253659616	0.291397295	0.342382443	0.342116878	0.343884104	0.118372868
37	0.252419184	0.289026015	0.342855102	0.345526609	0.342334716	0.095203372
38	0.253560193	0.290333715	0.344247234	0.350581266	0.340824823	0.07604485
39	0.254118567	0.291206945	0.344055142	0.357386238	0.346719575	0.06995855
40	0.254260258	0.292283305	0.348360335	0.355267136	0.347373264	0.06995855
41	0.25492314	0.294714802	0.352496214	0.356393262	0.347164945	0.06995855
42	0.256630484	0.297082115	0.359427571	0.361123724	0.349156333	0.06995855
43	0.256950801	0.299066127	0.362904138	0.375601909	0.353129664	0.06995855
44	0.256973669	0.299397024	0.364227213	0.379805435	0.360865095	0.070225303
45	0.257534933	0.301286108	0.368314276	0.384040163	0.369609623	0.070225303
46	0.258088578	0.302306482	0.370125119	0.388305453	0.369521265	0.070225303
47	0.258246563	0.304085064	0.374597972	0.389295521	0.377589303	0.070225303
48	0.259573086	0.300477356	0.377509954	0.390313892	0.38418955	0.070225303
49	0.259057075	0.301739349	0.378460407	0.396116402	0.386423163	0.063610607
50	0.259314336	0.299084386	0.381242976	0.396996148	0.388972325	0.063610607
51	0.25650751	0.295700506	0.382352081	0.399119053	0.39604274	0.063610607
52	0.252808788	0.294679676	0.38431595	0.4086002	0.394162644	0.063610607
53	0.250214039	0.295106594	0.390862318	0.408712579	0.399825656	0.063610607
54	0.253682081	0.296020881	0.389546142	0.416234764	0.40196115	0.064987962
55	0.245317848	0.297373565	0.390899408	0.410445488	0.401403018	0.064987962
56	0.246573243	0.296375477	0.393300826	0.410478552	0.398452545	0.064987962
57	0.241161246	0.297486802	0.388321407	0.408544924	0.397565796	0.064987962
58	0.241545823	0.298250337	0.383725484	0.414220687	0.405954364	0.064987962
59	0.239867084	0.294368992	0.380988508	0.410295067	0.41193112	0.064987962
60	0.242942944	0.294867927	0.381002072	0.431173815	0.416830731	0.064987962
61	0.243661688	0.293500168	0.383064885	0.437361594	0.42101137	0.064987962
62	0.240199471	0.293074472	0.38469791	0.445151943	0.421039088	0.064987962
63	0.240161506	0.295411009	0.389130057	0.450415038	0.428433096	0.064987962
64	0.241407208	0.295917486	0.394348224	0.449873607	0.428906068	0.064987962
65	0.237833135	0.299658522	0.394409522	0.447362977	0.434066598	0.064987962
66	0.238806485	0.297885648	0.396029322	0.451135317	0.430428486	0.064987962
67	0.240855627	0.298857962	0.393227026	0.454476215	0.424206387	0.064987962
68	0.240718476	0.298165746	0.393760989	0.459296972	0.427546176	0.064987962
69	0.240400587	0.300089085	0.393055391	0.463718457	0.42799739	0.064987962
70	0.240376147	0.301903926	0.395443287	0.468097286	0.434258781	0.064997936
71	0.239217186	0.30384137	0.397698611	0.457306527	0.443744621	0.064987962
72	0.239543907	0.30440055	0.397772253	0.462087413	0.446406704	0.064987962
73	0.238912179	0.30466895	0.39626198	0.463128239	0.452761889	0.064987962
74	0.236105027	0.305142583	0.395076888	0.462779887	0.443807839	0.064987962
75	0.236942805	0.307884936	0.393753937	0.46429847	0.440955191	0.064987962
76	0.237538737	0.308250621	0.397979442	0.460413244	0.444413356	0.064987962
77	0.238291606	0.309003173	0.400476034	0.463534167	0.44497222	0.064987962
78	0.238694774	0.309207205	0.402189608	0.469588088	0.451242756	0.064987962
79	0.23884636	0.314165527	0.400371027	0.466884831	0.449846397	0.064987962
80	0.239376385	0.31194898	0.400503913	0.475522735	0.450429436	0.064987962
81	0.240287738	0.312713519	0.401306091	0.476919625	0.455650561	0.064987962
82	0.241506534	0.311017673	0.406601151	0.468682906	0.457499345	0.064987962
83	0.242560607	0.312434954	0.411334601	0.471709253	0.459703119	0.064987962
84	0.24269711	0.313302833	0.408829403	0.475247891	0.463064578	0.064987962
85	0.245632127	0.3192893	0.410379802	0.47673994	0.463692774	0.064987962
86	0.245601226	0.319611001	0.412215144	0.47744886	0.467223855	0.076218852
87	0.245749504	0.319621428	0.388249723	0.480034669	0.469382883	0.076218852
88	0.245974058	0.317289337	0.385254423	0.487660451	0.468780926	0.076218852
89	0.246558044	0.31920161	0.387111198	0.490373531	0.474916329	0.076218852
90	0.245064617	0.304482017	0.387479657	0.491075923	0.48450729	0.074841497
91	0.239657182	0.304426283	0.385370775	0.488771845	0.493194528	0.079784626
92	0.23964606	0.30395024	0.383400627	0.487921833	0.493861546	0.079784626
93	0.239607451	0.306553512	0.384879704	0.487913408	0.494597333	0.079784626
94	0.242791517	0.308097945	0.379753397	0.490238157	0.496901754	0.079784626
95	0.243823787	0.309561131	0.382554705	0.492824445	0.516947522	0.079784626
96	0.244089698	0.309853649	0.385502001	0.497685624	0.512279211	0.079784626
97	0.244190433	0.314626012	0.388264899	0.487426176	0.512160214	0.079784626
98	0.23520187	0.309162424	0.388575776	0.488953386	0.512172815	0.061802792
99	0.238380482	0.308936931	0.392227858	0.492156462	0.515081354	0.063816158
100	0.237566722	0.302205598	0.39453784	0.500344991	0.527073465	0.063816158
101	0.238079484	0.303425932	0.364932808	0.495192911	0.532758483	0.063816158
102	0.238430461	0.291948019	0.367288711	0.500706352	0.534230578	0.063816158
103	0.237229469	0.292309296	0.354662069	0.505470211	0.536341149	0.063816158
104	0.237198717	0.292545102	0.358638295	0.510162037	0.541313051	0.063816158
105	0.236827057	0.290162164	0.361688961	0.515514453	0.537445689	0.063816158
106	0.236414125	0.292088022	0.362593779	0.517332713	0.525405394	0.063816158
107	0.235549756	0.291780268	0.3652641	0.521973917	0.535661639	0.063816158
108	0.23935755	0.293015293	0.366379136	0.525623928	0.537693879	0.063816158
109	0.240679684	0.27007001	0.370710735	0.528680451	0.538788097	0.063816158
110	0.240587569	0.273324546	0.367001017	0.518483597	0.538619951	0.063816158
111	0.241279454	0.268385312	0.362914674	0.520916222	0.540215679	0.063816158
112	0.240962988	0.269747209	0.362124043	0.523578605	0.544411479	0.070576464
113	0.241510902	0.269341292	0.347085932	0.525701052	0.549389573	0.070881503
114	0.24316643	0.270677571	0.348786806	0.521815474	0.547842577	0.069839869
115	0.24338399	0.267213904	0.345742462	0.523391053	0.556429284	0.069839869
116	0.243529241	0.266043766	0.34853925	0.527036247	0.556146218	0.069839869
117	0.243493026	0.266313293	0.351657669	0.516740079	0.55329458	0.069839869
118	0.244499651	0.269728191	0.35612635	0.513295495	0.554567679	0.069839869
119	0.229733433	0.273147946	0.359891566	0.51759622	0.549857639	0.069839869
120	0.230219261	0.263033477	0.357791653	0.516253746	0.552658596	0.069839869
121	0.232027693	0.264228253	0.360522653	0.520937962	0.556303925	0.069839869
122	0.223104561	0.26430194	0.362970159	0.524701351	0.558139885	0.069839869
123	0.22431665	0.265082381	0.349484322	0.531983113	0.5620524	0.069839869
124	0.224343287	0.265332258	0.340695179	0.534942816	0.563226005	0.069839869
125	0.225096883	0.25922264	0.343720998	0.541053532	0.565164399	0.070548807
126	0.221251607	0.263554499	0.360404851	0.544715219	0.552308106	0.070548807
127	0.217955829	0.26168536	0.361751706	0.54646032	0.559731577	0.070548807
128	0.215546129	0.262467653	0.362606523	0.548191991	0.561492403	0.070548807
129	0.216002729	0.264275265	0.362740733	0.557869475	0.562207959	0.070548807
130	0.21624246	0.264428238	0.364134407	0.563406762	0.55721138	0.070548807
131	0.216979236	0.266830599	0.35767672	0.569572377	0.565156823	0.070548807
132	0.217158284	0.266063242	0.360394937	0.574649202	0.567921475	0.070548807
133	0.217913322	0.267057418	0.363635283	0.578373088	0.576860422	0.070548807
134	0.219043742	0.267366954	0.361556509	0.581575927	0.577420043	0.078038565
135	0.219246012	0.268852196	0.378421743	0.579705605	0.58126001	0.075708302
136	0.219472049	0.270358014	0.373989735	0.579192478	0.591393705	0.07187822
137	0.215865712	0.271305743	0.367833547	0.580598241	0.593318964	0.07187822
138	0.217340821	0.27391098	0.370392656	0.581091915	0.596230538	0.07187822
139	0.205443396	0.275007137	0.376482786	0.587134317	0.589341766	0.07187822
140	0.205501119	0.274290134	0.377338906	0.58846642	0.592306925	0.07187822
141	0.205084781	0.268705565	0.379290242	0.584961449	0.594582367	0.07187822
142	0.20542386	0.271513033	0.378400123	0.588842286	0.596417215	0.07187822
143	0.2093277	0.271039515	0.381702516	0.591837119	0.605546415	0.07187822
144	0.209177178	0.270318785	0.382194815	0.593773383	0.615318771	0.07187822
145	0.200105671	0.270210073	0.386290606	0.662495358	0.619515225	0.07187822
146	0.201074326	0.271801339	0.392068793	0.667715295	0.617623553	0.07187822
147	0.202568875	0.276949279	0.39833104	0.662261825	0.623477876	0.07398888
148	0.202027927	0.276991563	0.397962767	0.668881449	0.629580548	0.074444023
149	0.200617753	0.277593944	0.398937028	0.669913912	0.630094553	0.074444023
150	0.200622137	0.278389732	0.38672068	0.662807544	0.633727558	0.074444023
151	0.204842227	0.279197182	0.387113048	0.662751486	0.637294342	0.074444023
152	0.20543729	0.278782128	0.38908565	0.664813789	0.638726028	0.074444023
153	0.208066547	0.282593056	0.391708941	0.638907753	0.638710596	0.074444023
154	0.209162512	0.277009136	0.394833847	0.620287769	0.639428766	0.074444023
155	0.210128579	0.277420679	0.396667526	0.618618169	0.638466045	0.074444023
156	0.209205505	0.275422978	0.397084498	0.621813115	0.641209865	0.074444023
157	0.209554638	0.276971716	0.396337115	0.625059852	0.642819676	0.074444023
158	0.209554638	0.277036196	0.39861909	0.626429432	0.644234852	0.074446329
159	0.204735896	0.274101049	0.394624583	0.623237445	0.641419391	0.074444023
160	0.205006376	0.278816724	0.392000906	0.624422228	0.648836803	0.074444023
161	0.204587995	0.278725215	0.39183393	0.62661212	0.656185721	0.074444023
162	0.205554519	0.283198409	0.392806617	0.621283509	0.651685691	0.074444023
163	0.207113115	0.284567265	0.393242182	0.6227628	0.655687675	0.074444023
164	0.209235198	0.290430927	0.395970056	0.625952456	0.656227625	0.076292008
165	0.211393881	0.291118492	0.388365433	0.617863056	0.656482266	0.076292008
166	0.211416352	0.285832726	0.392279242	0.621305791	0.649289893	0.07629373
167	0.212777447	0.288502909	0.395003053	0.624738638	0.656519483	0.077837213
168	0.203411372	0.289289639	0.396058845	0.624933216	0.661822717	0.077837213
169	0.200791212	0.287925639	0.397221252	0.629513669	0.654301462	0.077837213
170	0.201577462	0.289076473	0.403897425	0.63136318	0.655501012	0.077837213
171	0.201824022	0.289165134	0.405912707	0.635084584	0.667342007	0.077837213
172	0.202898963	0.291007693	0.402845116	0.639600995	0.671259634	0.077837213
173	0.2008562	0.292888777	0.407904373	0.643834508	0.673957825	0.08263959
174	0.203520621	0.295577133	0.401419939	0.646835263	0.679488423	0.08263959
175	0.206684653	0.297871613	0.4066076	0.652768629	0.680604387	0.08263959
176	0.208535931	0.297996794	0.410895951	0.654155638	0.68370054	0.08263959
177	0.210677856	0.302381519	0.413262575	0.659582495	0.68275426	0.08263959
178	0.211544735	0.303781383	0.415841031	0.664245943	0.676561288	0.08263959
179	0.210817922	0.305651355	0.415703504	0.669254189	0.682827253	0.082701156
180	0.212818415	0.306272931	0.417155178	0.641797111	0.681126145	0.089081975
181	0.209758665	0.306693299	0.423815878	0.641082638	0.682259552	0.089081975
182	0.209328438	0.304531579	0.424825621	0.643575883	0.685653914	0.089081975
183	0.210809301	0.305699688	0.419297449	0.646619081	0.693596848	0.089081975
184	0.209773939	0.305000708	0.419803145	0.64794311	0.685775162	0.089081975
185	0.209454893	0.304726096	0.422880432	0.648391608	0.686488113	0.089081975
186	0.209582732	0.305046134	0.425288311	0.652421165	0.689255401	0.089081975
187	0.204635569	0.304398378	0.428138905	0.65259914	0.691291695	0.089081975
188	0.208444417	0.305423611	0.421141453	0.633415956	0.689301213	0.089081975
189	0.209281586	0.306706657	0.425213793	0.640371616	0.670523993	0.089081975
190	0.210517346	0.308064279	0.427562256	0.644822431	0.675459724	0.089081975
191	0.210259189	0.3090567	0.429940659	0.646254201	0.670135082	0.090116141
192	0.209841503	0.306756441	0.432912997	0.653500338	0.662146702	0.090116141
193	0.211052976	0.308792226	0.438551193	0.657937791	0.663543447	0.090116141
194	0.204524541	0.30977011	0.44076794	0.661633452	0.659225957	0.090116141
195	0.202062038	0.310981951	0.439651371	0.654599487	0.663341174	0.105459602
196	0.203166849	0.311419106	0.444588059	0.655104714	0.666793675	0.105459602
197	0.195778872	0.311069854	0.451502756	0.654341059	0.66559391	0.105459602
198	0.187805465	0.314269178	0.451999741	0.658638459	0.669204624	0.105459602
199	0.188037518	0.316794591	0.455972487	0.662424854	0.673266244	0.105459602
200	0.189470389	0.317389836	0.45945762	0.671423542	0.673059399	0.105459602
201	0.178995902	0.317953994	0.46145719	0.67318511	0.673677363	0.105459602
202	0.177818603	0.28649997	0.465406281	0.651358674	0.672579774	0.107030231
203	0.178420889	0.289403636	0.466702446	0.654461598	0.670987319	0.111996096
204	0.179480271	0.29158831	0.467097203	0.661986849	0.674120792	0.111996096
205	0.181961503	0.288624136	0.4701151	0.665621108	0.663741436	0.113681961
206	0.182743976	0.30172935	0.463947181	0.662219792	0.652435209	0.113681961
207	0.184611216	0.302816776	0.470360918	0.66015938	0.657672993	0.113681961
208	0.186111153	0.304905896	0.470765955	0.667501426	0.659070706	0.113681961
209	0.186969356	0.304998564	0.478346	0.667929102	0.662545742	0.113681961
210	0.187955825	0.306493921	0.479510289	0.668534412	0.663981396	0.113681961
211	0.18825874	0.307386462	0.485973273	0.661238099	0.645598371	0.113681961
212	0.188427607	0.309132371	0.478928977	0.667731827	0.650286479	0
213	0.188828472	0.309296104	0.479583332	0.673635585	0.656356962	0
214	0.18790656	0.310652563	0.480944929	0.677395619	0.65824093	0
215	0.188629782	0.311157404	0.480997551	0.67573775	0.659903308	0
216	0.187388067	0.315593388	0.481384513	0.677934132	0.641773003	0
217	0.187457238	0.316344231	0.473431838	0.678180741	0.644432611	0
218	0.188816393	0.318249841	0.477615687	0.68346334	0.656095873	0
219	0.191841382	0.310573238	0.478067727	0.683573608	0.640282126	0
220	0.193638726	0.310910799	0.483330623	0.682811491	0.641823346	0
221	0.195365611	0.312664457	0.484569548	0.682717631	0.643429767	0
222	0.196548692	0.316362326	0.486291731	0.688446713	0.648400487	0
223	0.192790435	0.307622375	0.486501285	0.692183185	0.648343025	0
224	0.193210061	0.307443345	0.495487562	0.694517554	0.652427689	0
225	0.194004263	0.306621458	0.482056961	0.700854545	0.646525404	0
226	0.194729771	0.308146209	0.484569748	0.702376306	0.649055173	0
227	0.196070566	0.310640149	0.485975919	0.705241765	0.636802769	0
228	0.195820538	0.312358242	0.484324103	0.709975284	0.637842169	0
229	0.193853691	0.307696414	0.485597211	0.716811626	0.643878753	0
230	0.197194789	0.301880415	0.485802702	0.717651746	0.641685551	0
231	0.198163308	0.298630195	0.474192231	0.72325203	0.644057001	0
232	0.194382737	0.301495146	0.475365347	0.724626615	0.64775788	0
233	0.19469074	0.297524912	0.477120698	0.724314467	0.652011084	0
234	0.195640539	0.303599578	0.471973177	0.727992372	0.659206064	0
235	0.195229853	0.307337219	0.47379921	0.731760998	0.660899959	0
236	0.189821096	0.309270877	0.480246491	0.735512877	0.664491125	0
237	0.190400378	0.312755664	0.479386012	0.728954247	0.681123701	0
238	0.191012951	0.315549584	0.480854147	0.72996749	0.683342614	0
239	0.190370938	0.317806711	0.483606624	0.73061685	0.682472348	0
240	0.192826926	0.319432616	0.479985016	0.732332408	0.688752677	0
241	0.193538027	0.321290056	0.477526528	0.735268198	0.690376245	0
242	0.195398452	0.324579445	0.481904039	0.736466133	0.691183455	0
243	0.196181619	0.324005773	0.483966528	0.749655732	0.694728911	0
244	0.194575751	0.324921727	0.482985483	0.748634735	0.689748836	0
245	0.195542257	0.327788575	0.485391865	0.750617503	0.695598368	0
246	0.196701276	0.324167772	0.485464683	0.753887248	0.701944247	0
247	0.196704089	0.322610421	0.479415957	0.739797561	0.703508761	0
248	0.195724709	0.324947008	0.480427507	0.745795659	0.705175237	0
249	0.198228954	0.319956282	0.469289173	0.738883288	0.70562988	0
250	0.198244685	0.315758419	0.470329392	0.730044801	0.702708919	0
251	0.196670077	0.318365633	0.465857726	0.73300148	0.68457502	0
252	0.197242912	0.323001834	0.468273699	0.733028841	0.683816889	0
253	0.190623324	0.312674091	0.472514423	0.734098831	0.685150649	0
254	0.190910788	0.315982168	0.471175211	0.734264709	0.688525839	0
255	0.190714885	0.320686629	0.461834242	0.740098927	0.685503924	0
256	0.194955124	0.32189756	0.461856105	0.740928551	0.688510321	0
257	0.196766123	0.319080563	0.462317172	0.744374519	0.69167487	0
258	0.197989607	0.320422942	0.464343448	0.737812169	0.689202713	0
259	0.19956771	0.322330839	0.465992759	0.740571737	0.689914852	0
260	0.19281535	0.322555281	0.4698243	0.739508316	0.697674289	0
261	0.192784488	0.319083998	0.467526867	0.735345868	0.697346188	0
262	0.193570984	0.318813534	0.470198556	0.730782571	0.687929059	0
263	0.190830849	0.31981993	0.471946028	0.731538939	0.689074274	0
264	0.191950848	0.32036785	0.469952994	0.726760812	0.691477334	0
265	0.193808501	0.323769925	0.518931266	0.726882139	0.697065528	0
266	0.194318975	0.315423009	0.519980363	0.735208443	0.69894869	0
267	0.191531673	0.317008308	0.517367651	0.736091666	0.700348378	0
268	0.190197849	0.316959056	0.518517274	0.747414869	0.666276942	0
269	0.190941835	0.321202209	0.517926854	0.748501465	0.669128659	0
270	0.191600593	0.324031411	0.519969528	0.750946436	0.669915964	0
271	0.192665226	0.323243842	0.52271767	0.753500091	0.647404784	0
272	0.191191204	0.32569038	0.514451711	0.753577473	0.636570215	0
273	0.194037468	0.327194675	0.516423722	0.755148885	0.62336515	0
274	0.194190515	0.327159303	0.518782358	0.759324749	0.624379303	0
275	0.194781349	0.326785854	0.519322789	0.764563169	0.61078717	0
276	0.195533713	0.319657204	0.515036878	0.766467427	0.613952028	0
277	0.193398577	0.30226367	0.51622861	0.770218524	0.618888318	0
278	0.193915228	0.302932126	0.520233585	0.771448589	0.622746917	0
279	0.191759436	0.306925289	0.520463747	0.772010434	0.619542604	0
280	0.192333001	0.302778046	0.521556626	0.766078647	0.621887296	0
281	0.192825492	0.303229305	0.501491975	0.768890836	0.625883756	0
282	0.193715236	0.304161162	0.501866036	0.769553924	0.620599766	0
283	0.191083339	0.302829133	0.498180519	0.748972354	0.619418903	0
284	0.188512617	0.301055341	0.499015493	0.749324608	0.622567223	0
285	0.188962	0.30139895	0.496938937	0.752095385	0.626072474	0
286	0.18934225	0.300529352	0.50432966	0.75671328	0.629527509	0
287	0.190744065	0.302046237	0.504883285	0.71645411	0.632979996	0
288	0.190858845	0.301083732	0.500335324	0.716168024	0.631024033	0
289	0.19073376	0.301098216	0.494089986	0.71993997	0.634609762	0
290	0.191757924	0.307566167	0.503669793	0.72114088	0.635913869	0
291	0.193223424	0.30881684	0.508205061	0.724508511	0.637141565	0
292	0.193705495	0.30874632	0.509381298	0.725851685	0.637192902	0
293	0.195865091	0.31189076	0.506687086	0.726613515	0.646629277	0
294	0.192963785	0.313580367	0.507631496	0.72652951	0.646926137	0
295	0.192953312	0.316437449	0.509923015	0.713000761	0.65261979	0
296	0.193780768	0.319422351	0.512072748	0.706014495	0.654410316	0
297	0.195158962	0.322512595	0.515006272	0.711361691	0.658598503	0
298	0.194914412	0.325195443	0.516642598	0.710479637	0.657821825	0
299	0.195172784	0.326321668	0.516936651	0.711257035	0.660014992	0
300	0.19145772	0.326354169	0.515484105	0.709448329	0.661292397	0
301	0.196294439	0.32452605	0.504929514	0.709936372	0.655256969	0
302	0.19197689	0.322741086	0.505360807	0.714677542	0.655809208	0
303	0.175768474	0.324849753	0.492858648	0.719339518	0.659252846	0
304	0.176570491	0.314582834	0.49224918	0.708913196	0.661346342	0
305	0.176498231	0.315898738	0.493884112	0.714157526	0.66603712	0
306	0.175872224	0.316450995	0.492978922	0.715744349	0.666259849	0
307	0.176422392	0.316868052	0.497624565	0.71462115	0.653831836	0
308	0.181695877	0.318012004	0.498483497	0.716643776	0.6571462	0
309	0.181712546	0.318325458	0.500032826	0.717027738	0.65074558	0
310	0.182752154	0.315208915	0.501863076	0.718506994	0.655561624	0
311	0.187463409	0.308928158	0.501004249	0.718940416	0.659504972	0
312	0.18869775	0.307966964	0.48600984	0.723488217	0.662741901	0
313	0.182435512	0.306704482	0.486747167	0.724921019	0.644405891	0
314	0.179573826	0.308752667	0.492486268	0.726818568	0.643434426	0
315	0.180673214	0.310146141	0.493316506	0.719634836	0.643790696	0
316	0.182380521	0.310219216	0.492847767	0.721340058	0.620726475	0
317	0.182970736	0.310005516	0.491338518	0.721193853	0.625259885	0
318	0.184476045	0.309491355	0.492471004	0.714420831	0.625431891	0
319	0.186340143	0.313067432	0.477596399	0.720740189	0.625244525	0
320	0.186845199	0.313184415	0.477977815	0.720635213	0.626411756	0
321	0.17598915	0.308837174	0.480333219	0.72633781	0.620143432	0
322	0.175899444	0.309961922	0.470540776	0.729754451	0.622510456	0
323	0.176573854	0.308375299	0.471352281	0.734047233	0.609645639	0
324	0.177501804	0.309002243	0.471982458	0.736443421	0.61503233	0
325	0.177544669	0.308908261	0.473024894	0.724787893	0.624391863	0
326	0.177955646	0.309833977	0.464620602	0.725944794	0.621055119	0
327	0.178452337	0.311400926	0.464988964	0.730996172	0.619105457	0
328	0.179436537	0.312697448	0.464668219	0.741414492	0.619937629	0
329	0.179493805	0.308160557	0.465208997	0.745791152	0.61668963	0
330	0.155396733	0.304446242	0.464304635	0.748915964	0.623378896	0
331	0.157072691	0.304443222	0.461882332	0.751224021	0.630446517	0
332	0.161234175	0.302157913	0.460330605	0.755431081	0.633498077	0
333	0.162805404	0.304438851	0.463039453	0.766048816	0.636633271	0
334	0.163246518	0.310451978	0.466259947	0.75753607	0.635727196	0
335	0.164131934	0.311649488	0.464509652	0.761408798	0.641286665	0
336	0.162121734	0.312493682	0.46387938	0.763426289	0.640806023	0
337	0.162888244	0.316313515	0.459231565	0.762969565	0.64135915	0
338	0.181200174	0.317536848	0.464291981	0.766916329	0.630082657	0
339	0.181354937	0.319324401	0.459936341	0.772005297	0.627616715	0
340	0.182308353	0.347671473	0.461092857	0.777713231	0.617658803	0
341	0.167699341	0.350772229	0.461615814	0.783480322	0.621318704	0
342	0.168401538	0.356436629	0.465881834	0.779492662	0.624163585	0
343	0.169504344	0.357732526	0.467691841	0.780927312	0.626575235	0
344	0.17044987	0.353599537	0.471249225	0.793864423	0.627888432	0
345	0.172119579	0.356466623	0.472045967	0.794816911	0.598424307	0
346	0.172830749	0.360178502	0.474948826	0.796637726	0.597738535	0
347	0.173526255	0.36192123	0.474662532	0.802069345	0.600834689	0
348	0.174275877	0.365246339	0.477123301	0.806779303	0.601757171	0
349	0.173091755	0.381897775	0.477385145	0.807536312	0.604541412	0
350	0.169233745	0.385320053	0.479631347	0.800682977	0.605064274	0
351	0.171658497	0.387995817	0.481017563	0.802986116	0.603568912	0
352	0.172054941	0.384438648	0.482951592	0.807392722	0.605253864	0
353	0.174478835	0.383409248	0.483765245	0.804293645	0.605208689	0
354	0.175022368	0.385362737	0.484976647	0.805978591	0.598307127	0
355	0.17594314	0.388098966	0.480789284	0.808913592	0.600986287	0
356	0.176571575	0.379583879	0.482165047	0.808251148	0.600780415	0
357	0.176577902	0.387571298	0.483531438	0.802303255	0.605125667	0
358	0.177980669	0.391790873	0.483608348	0.805069719	0.606872371	0
359	0.178545343	0.388879828	0.480081906	0.810571863	0.598085414	0
360	0.178815576	0.39309626	0.480762817	0.814056457	0.59192837	0
361	0.17976929	0.380402315	0.483027531	0.816255521	0.592261504	0
362	0.174455694	0.381667583	0.483855209	0.818098627	0.584522541	0
363	0.174845038	0.381992707	0.487286858	0.818498581	0.579508048	0
364	0.174840596	0.384927404	0.488577718	0.818287279	0.568375172	0
365	0.175031851	0.38305247	0.490416237	0.819596556	0.572191562	0
366	0.175836678	0.38714061	0.486900245	0.797885857	0.577077355	0
367	0.172413851	0.37524011	0.488274439	0.801910838	0.579476122	0
368	0.173727456	0.37284342	0.488105787	0.805310076	0.575700999	0
369	0.164479018	0.378358618	0.491542039	0.804634369	0.577539803	0
370	0.164712901	0.382026279	0.493819293	0.805468627	0.583093606	0
371	0.165245454	0.380498018	0.493713326	0.797687701	0.590348777	0
372	0.16409917	0.376460034	0.497573736	0.887595657	0.591644772	0
373	0.164827153	0.364134615	0.494156468	0.888234942	0.597039425	0
374	0.164968187	0.361494683	0.495058663	0.883475331	0.602812039	0
375	0.164512316	0.359349602	0.490894068	0.882380201	0.608188774	0
376	0.171306204	0.357615602	0.49350068	0.883319736	0.61030074	0
377	0.172157099	0.359219912	0.494431442	0.885625296	0.611269042	0
378	0.171870514	0.360856262	0.496423803	0.886989008	0.606817497	0
379	0.175030527	0.362438836	0.493672693	0.888546796	0.609108391	0
380	0.175893152	0.366262057	0.496146714	0.890739022	0.60616862	0
381	0.175817268	0.367304088	0.496867599	0.882842442	0.605943172	0
382	0.175980051	0.369287268	0.503614275	0.838181884	0.607271408	0
383	0.176512972	0.372702684	0.502566334	0.843389195	0.610365318	0
384	0.171756572	0.373093108	0.503894185	0.849415574	0.603051425	0
385	0.171660411	0.372728441	0.498245539	0.851176702	0.60666789	0
386	0.174071528	0.372923991	0.498787489	0.837642372	0.61402492	0
387	0.17464771	0.371477296	0.499388513	0.837297902	0.610196552	0
388	0.176408523	0.370691797	0.501048706	0.842664402	0.60932872	0
389	0.169809099	0.361939594	0.500088345	0.851078388	0.610955882	0
390	0.16937868	0.361520621	0.501388298	0.853451373	0.616364864	0
391	0.169017904	0.361891254	0.505023329	0.857896439	0.618204275	0
392	0.170260023	0.366360369	0.501462444	0.855969042	0.623757199	0
393	0.165923302	0.3676079	0.503277751	0.859764336	0.627361735	0
394	0.165889648	0.370263911	0.505289704	0.851918191	0.630171729	0
395	0.16321208	0.370845154	0.506980845	0.849930876	0.632141845	0
396	0.163122633	0.374049889	0.507732684	0.838801331	0.634659612	0
397	0.152350729	0.372463033	0.508768523	0.843481007	0.647092921	0
398	0.149635736	0.373210357	0.509411193	0.839750071	0.645571529	0
399	0.149412221	0.375730627	0.511505172	0.823193408	0.646578006	0
400	0.151023311	0.379644803	0.512659605	0.815855769	0.6492858	0
401	0.153453066	0.380823414	0.513599181	0.819320994	0.651920443	0
402	0.154525282	0.38148873	0.514193167	0.821068643	0.655136477	0
403	0.154879356	0.383206227	0.514005873	0.823875218	0.658782361	0
404	0.155324513	0.383416101	0.514192849	0.832815572	0.65841271	0
405	0.155872945	0.386894681	0.506668543	0.835268716	0.660424319	0
406	0.157166665	0.387214411	0.497147095	0.835315622	0.665144571	0
407	0.148659149	0.379920841	0.498160548	0.838777368	0.667209578	0
408	0.149480874	0.384341479	0.507317979	0.841768055	0.671061604	0
409	0.150283675	0.3843783	0.506953133	0.840012872	0.666209877	0
410	0.150128563	0.386414348	0.509294863	0.840911864	0.668054564	0
411	0.151412975	0.385093856	0.509587855	0.844593175	0.671226498	0
412	0.1516303	0.385755905	0.510014615	0.849549893	0.666062545	0
413	0.15176185	0.387816692	0.510551041	0.852705065	0.675977705	0
414	0.152386445	0.390297699	0.51041397	0.844345952	0.676332042	0
415	0.152727159	0.388151197	0.497657276	0.844957893	0.67290056	0
416	0.153025578	0.391374765	0.49781067	0.840693703	0.672128479	0
417	0.153500792	0.392661928	0.499637135	0.840999667	0.669190932	0
418	0.153531525	0.392521238	0.497066993	0.84229943	0.672329937	0
419	0.153718959	0.393345218	0.496435316	0.827421151	0.675348576	0
420	0.154517063	0.394900132	0.492997436	0.825884667	0.672757683	0
421	0.152221104	0.397004685	0.494043139	0.826773193	0.675122769	0
422	0.152570773	0.402037783	0.493947938	0.829003929	0.675505345	0
423	0.153285887	0.40346366	0.492260454	0.831424162	0.680084731	0
424	0.153331862	0.404353965	0.493025407	0.818941462	0.678589835	0
425	0.150071681	0.402759809	0.493131362	0.819362788	0.676982641	0
426	0.15018459	0.393847261	0.488774753	0.819895698	0.678517063	0
427	0.150498433	0.389933583	0.500023991	0.825254549	0.687499388	0
428	0.151889972	0.384481542	0.503729285	0.826113604	0.691558306	0
429	0.149691712	0.398709536	0.503466735	0.826618984	0.695902814	0
430	0.151771967	0.39728656	0.508985831	0.819453793	0.691699258	0
431	0.152140643	0.397921607	0.513174415	0.819173747	0.694841283	0
432	0.15188484	0.397624973	0.511828868	0.827281511	0.697399942	0
433	0.153181615	0.375212384	0.514397642	0.825866757	0.700851172	0
434	0.154116304	0.375887417	0.517450713	0.832335587	0.701403575	0
435	0.158447957	0.374484028	0.519007163	0.831157721	0.701487151	0
436	0.158483637	0.372923376	0.519262652	0.828343477	0.700880739	0
437	0.158376997	0.373543406	0.51120494	0.83020565	0.685049887	0
438	0.158871874	0.375395428	0.512082126	0.829238588	0.687827413	0
439	0.158668852	0.376506385	0.519108936	0.829004834	0.684114174	0
440	0.155482544	0.377444318	0.521046922	0.829977254	0.683617656	0
441	0.151039762	0.378260941	0.518970872	0.829563013	0.685893189	0
442	0.151176349	0.382840456	0.512958991	0.832054745	0.687891966	0
443	0.152049455	0.383351228	0.517329072	0.829723917	0.687499625	0
444	0.15111953	0.386223658	0.517828259	0.829770174	0.692331522	0
445	0.148583385	0.386334128	0.51862567	0.832588662	0.694464458	0
446	0.147742051	0.384583097	0.521017222	0.836225385	0.698001997	0
447	0.149446993	0.390306888	0.523224086	0.834900252	0.696550274	0
448	0.149541719	0.387180445	0.506836112	0.829143642	0.695590099	0
449	0.151156351	0.388890574	0.508721237	0.829654145	0.700283831	0
450	0.151102263	0.390139376	0.508618748	0.834184457	0.680085732	0
451	0.151819241	0.386832577	0.489947014	0.83207815	0.685944466	0
452	0.155063825	0.38562038	0.489562986	0.864394441	0.68670547	0
453	0.155455039	0.381306357	0.486936135	0.8679674	0.688809401	0
454	0.155692806	0.383127162	0.487297044	0.867947492	0.673866068	0
455	0.158129998	0.38252892	0.49028269	0.870116546	0.666012334	0
456	0.15813273	0.384000563	0.490162396	0.87148955	0.669583187	0
457	0.155871018	0.385411023	0.495236285	0.874476143	0.673998846	0
458	0.151378525	0.37611088	0.497501558	0.876363506	0.67587505	0
459	0.149648469	0.375569906	0.494949994	0.876066041	0.678314517	0
460	0.149834707	0.379115589	0.492153438	0.87611501	0.678093125	0
461	0.150460416	0.387486833	0.497436034	0.877043571	0.684475791	0
462	0.151457873	0.3875317	0.501363063	0.878344928	0.692111052	0
463	0.152616752	0.38731662	0.500612957	0.878109467	0.674046739	0
464	0.152967988	0.384546146	0.503679186	0.87981301	0.665543311	0
465	0.15108749	0.384459039	0.503376694	0.881786954	0.666957342	0
466	0.151020717	0.384521836	0.50148309	0.884844841	0.671001864	0
467	0.152602235	0.391556271	0.500951914	0.887126736	0.672376826	0
468	0.149435548	0.394324561	0.501658332	0.880693742	0.673802743	0
469	0.150313154	0.395217885	0.507034132	0.867575484	0.655854968	0
470	0.151833946	0.395698652	0.50914916	0.869226868	0.643771955	0
471	0.152557303	0.396597222	0.51372835	0.869493629	0.647609834	0
472	0.152535836	0.384601903	0.516464522	0.868236216	0.652776789	0
473	0.153016342	0.376989984	0.519794818	0.870242102	0.653689544	0
474	0.153043018	0.385993956	0.524073837	0.853894926	0.655749241	0
475	0.154183888	0.388895796	0.526571278	0.855527217	0.66237906	0
476	0.153143278	0.391464022	0.526091913	0.85375099	0.664005839	0
477	0.154276906	0.390602711	0.527671589	0.852216211	0.665787685	0
478	0.154734467	0.392817573	0.526907287	0.853180732	0.668737715	0
479	0.151123267	0.393152682	0.528586598	0.852244297	0.661718527	0
480	0.148598935	0.395302615	0.524980724	0.849181117	0.664719278	0
481	0.150735042	0.389571507	0.534703882	0.853158931	0.666845631	0
482	0.150967035	0.392376925	0.537780686	0.855151183	0.669132674	0
483	0.153649023	0.392412902	0.542194499	0.859315451	0.667468461	0
484	0.154033848	0.392738143	0.544648247	0.854219239	0.668250065	0
485	0.152531139	0.394405815	0.545489626	0.855133859	0.671942532	0
486	0.152868214	0.395584478	0.545325897	0.855520632	0.674053126	0
487	0.153508268	0.400598364	0.549456917	0.856272117	0.674544425	0
488	0.153129301	0.400926482	0.551256123	0.85753967	0.686283802	0
489	0.153680394	0.397731587	0.556460594	0.85518393	0.683031692	0
490	0.15447012	0.392090201	0.558218236	0.856512374	0.680246352	0
491	0.15501278	0.391075464	0.560500566	0.855110853	0.684780473	0
492	0.155735164	0.392867459	0.560841009	0.852178388	0.685119426	0
493	0.155549014	0.386899819	0.561215833	0.855346873	0.68485376	0
494	0.155524506	0.387453738	0.561664327	0.858972915	0.687965602	0
495	0.156305217	0.386412232	0.567876313	0.859305118	0.68594787	0
496	0.155328122	0.386912632	0.568968972	0.860838872	0.667544524	0
497	0.156094943	0.389647145	0.558087116	0.862137701	0.669058636	0
498	0.154987353	0.390686115	0.551282602	0.864915971	0.671641799	0
499	0.154720275	0.39144695	0.5537279	0.8525467	0.671354732	0
500	0.153901558	0.393988687	0.554273239	0.853461686	0.67474547	0
