0	0.298786552	0.046756838
50	0.29647745	0.046296884
100	0.294115684	0.044847655
150	0.298195725	0.047088284
200	0.303193618	0.047998948
250	0.303947434	0.047639526
300	0.312886099	0.049573398
350	0.307683151	0.046600664
400	0.305106534	0.049460773
450	0.307340747	0.047910013
500	0.307876438	0.049125901
550	0.306811863	0.049169012
600	0.304208649	0.046910158
650	0.298807759	0.045787312
700	0.307842162	0.046561165
750	0.30794448	0.047102915
800	0.312858728	0.047062332
850	0.314801759	0.045629479
900	0.309844169	0.045016311
950	0.3119713	0.044520098
1000	0.315342335	0.045178022
1050	0.314985747	0.044633746
1100	0.321935532	0.045836317
1150	0.319097061	0.044508655
1200	0.31252841	0.043630081
1250	0.304572164	0.041288198
1300	0.314648714	0.043628335
1350	0.310929512	0.042706133
1400	0.309522638	0.041902812
1450	0.314805199	0.041405894
1500	0.3261994	0.046388107
1550	0.324225001	0.043581742
1600	0.333745704	0.044558729
1650	0.3333019	0.045738747
1700	0.3396492	0.047093793
1750	0.33793366	0.04776384
1800	0.3350143	0.045990266
1850	0.340112043	0.047738298
1900	0.337576822	0.046728456
1950	0.340543506	0.048619362
2000	0.345689683	0.052324038
2050	0.338308558	0.049559282
2100	0.34153276	0.05085305
2150	0.341217047	0.049095017
2200	0.342757203	0.04923555
2250	0.340824246	0.049123125
2300	0.339635236	0.046342931
2350	0.34015267	0.046827482
2400	0.341373399	0.047734621
2450	0.336563934	0.045199926
2500	0.317406676	0.042578218
2550	0.338102118	0.046035549
2600	0.343203515	0.048235214
2650	0.346711082	0.048019986
2700	0.34654671	0.048346425
2750	0.350063996	0.044854399
2800	0.347415859	0.044647932
2850	0.341387223	0.043174385
2900	0.339027598	0.041208876
2950	0.347377541	0.043689883
3000	0.348050409	0.044247798
3050	0.342060081	0.042821918
3100	0.349192907	0.043482778
3150	0.347935576	0.043087144
3200	0.3469615	0.042201277
3250	0.3475236	0.043556733
3300	0.347356771	0.042478128
3350	0.351533644	0.040671966
3400	0.341878095	0.039499443
3450	0.341957598	0.039161976
3500	0.344720357	0.041158726
3550	0.346769424	0.042230232
3600	0.339765832	0.040094948
3650	0.335392157	0.041530111
3700	0.345066506	0.044251111
3750	0.354966066	0.046612852
3800	0.346946909	0.044639165
3850	0.349298883	0.045441474
3900	0.350751518	0.046847766
3950	0.3541914	0.046034898
4000	0.353654587	0.045563106
4050	0.349702209	0.045548432
4100	0.352829652	0.046299136
4150	0.349494536	0.046093298
4200	0.352736773	0.049451561
4250	0.350731277	0.047847778
4300	0.350767857	0.047508228
4350	0.348830353	0.048499468
4400	0.337909282	0.045030463
4450	0.342668253	0.045220083
4500	0.348571953	0.046216066
4550	0.345575558	0.045970397
4600	0.351457934	0.048351775
4650	0.366530425	0.052983026
4700	0.366733185	0.051777188
4750	0.365302331	0.050786527
4800	0.356596197	0.047147745
4850	0.345325726	0.04332812
4900	0.347178294	0.04250657
4950	0.344183009	0.042736945
5000	0.346598579	0.042590746
5050	0.340917723	0.041814197
5100	0.347618027	0.043680749
5150	0.345456895	0.04485006
5200	0.335392695	0.045698151
5250	0.340495381	0.04494751
5300	0.339481309	0.045433112
5350	0.329308254	0.045544429
5400	0.330897291	0.046134873
5450	0.34185219	0.049167575
5500	0.342672536	0.049948849
5550	0.340313994	0.049751183
5600	0.34024408	0.049934116
5650	0.346565229	0.05065697
5700	0.34302661	0.048979417
5750	0.345882356	0.047641391
5800	0.346922915	0.048472758
5850	0.344547293	0.045741437
5900	0.332655531	0.042502829
5950	0.340795725	0.046171215
6000	0.346177094	0.046744209
6050	0.345911707	0.046593142
6100	0.342843167	0.045049354
6150	0.341956372	0.043706586
6200	0.334951963	0.042009002
6250	0.335791449	0.044182884
6300	0.336476344	0.043048519
6350	0.347817458	0.044967823
6400	0.345168096	0.045719085
6450	0.334720369	0.051285926
6500	0.341146651	0.050414732
6550	0.342043392	0.050883442
6600	0.340770172	0.049540657
6650	0.340421732	0.049346932
6700	0.324322995	0.045154222
6750	0.330031866	0.045294668
6800	0.338055428	0.04763578
6850	0.327362558	0.045768007
6900	0.332221756	0.048488639
6950	0.333466468	0.046712695
7000	0.32346132	0.041282515
7050	0.334098585	0.044267935
7100	0.335701926	0.04300212
7150	0.33675252	0.044239033
7200	0.339822628	0.043209397
7250	0.336031793	0.041745395
7300	0.336722825	0.042099589
7350	0.328749882	0.040314655
7400	0.338176061	0.043772962
7450	0.349555979	0.044186913
7500	0.35204686	0.043901162
7550	0.346121479	0.041536594
7600	0.347090583	0.042674857
7650	0.348974613	0.044699879
7700	0.33462557	0.04108527
7750	0.343427017	0.043765241
7800	0.345771988	0.042850125
7850	0.352252103	0.044699788
7900	0.354418631	0.044630882
7950	0.359684666	0.046838288
8050	0.359501384	0.04546164
8100	0.359032284	0.044108482
8150	0.356546757	0.042746567
8200	0.358977192	0.042967651
8250	0.357456837	0.043236514
8300	0.356924908	0.043153783
8350	0.355567296	0.044090698
8400	0.351577442	0.044406866
8450	0.35351683	0.045491232
8500	0.35448226	0.046697521
8550	0.352767745	0.047520947
8600	0.35337044	0.04627164
8650	0.350160347	0.045404804
8700	0.345693393	0.042565242
8750	0.339331999	0.04037484
8800	0.351866587	0.043140903
8850	0.353766442	0.043354853
8900	0.352113433	0.043770652
8950	0.34737822	0.042081673
9000	0.347809083	0.041175578
9050	0.361441975	0.044481544
9100	0.351423906	0.041764698
9150	0.354091545	0.042263553
9200	0.356440283	0.043088052
9250	0.356049239	0.043729222
9300	0.358705679	0.044895614
9350	0.361141676	0.045947343
9400	0.355558753	0.044088841
9450	0.35015896	0.043479857
9500	0.350012881	0.043442623
9550	0.350027942	0.04373655
9600	0.349628093	0.043516464
9650	0.347567631	0.045203298
9700	0.353231448	0.046278051
9750	0.349158485	0.046572397
9800	0.357023405	0.049341709
9850	0.355958817	0.046657385
9900	0.357564311	0.047094897
9950	0.359652764	0.043370776
10000	0.355417053	0.043370776
10050	0.353514047	0.042574861
10100	0.350831093	0.042859346
10150	0.344184961	0.03951391
10200	0.34775863	0.040136451
10250	0.352568045	0.043313039
10300	0.351083767	0.042789761
10350	0.353171977	0.046187821
10400	0.35468723	0.046753527
10450	0.357948243	0.046536088
10500	0.362335923	0.048117966
10550	0.356745948	0.043988217
10600	0.357494102	0.04676607
10650	0.359270902	0.046924343
10700	0.357076627	0.044960443
10750	0.358341575	0.046944285
10800	0.349838188	0.045353196
10850	0.356224553	0.048570958
10900	0.360868414	0.049024369
10950	0.368494897	0.050373819
11000	0.367621701	0.051164466
11050	0.366000181	0.052116635
11100	0.353974273	0.048251658
11150	0.344635906	0.043786512
11200	0.34917728	0.047016811
11250	0.348389242	0.046743475
11300	0.340402401	0.044400721
11350	0.346757825	0.046228224
11400	0.346721535	0.047450214
11450	0.349092628	0.045892589
11500	0.342041764	0.044257258
11550	0.359058293	0.04698452
11600	0.36733123	0.047954339
11650	0.368760958	0.04768153
11700	0.362384998	0.046418929
11750	0.35770548	0.043160183
11800	0.360152003	0.044711654
11850	0.353127784	0.044458861
11900	0.358876707	0.046725863
11950	0.344574278	0.041018632
12000	0.347067859	0.043088055
12050	0.34386919	0.044733444
12100	0.352002672	0.047114526
12150	0.351994194	0.048161795
12200	0.351548515	0.04640266
12250	0.357810502	0.048157071
12300	0.35562758	0.045757023
12350	0.359163037	0.045779843
12400	0.352128721	0.044234238
12450	0.352189683	0.040442967
12500	0.361913352	0.043640412
