0	1
10	0.983811626
20	0.963208241
30	0.93451067
40	0.867549669
50	0.832229581
60	0.797645327
70	0.779249448
80	0.76526858
90	0.740986019
100	0.718175129
110	0.699043414
120	0.685062546
130	0.665194996
140	0.6401766
150	0.61589404
160	0.599705666
170	0.582781457
180	0.57615894
190	0.568064753
200	0.557763061
210	0.549668874
220	0.541574687
230	0.531272995
240	0.522442973
250	0.515820456
260	0.504047093
270	0.492273731
280	0.478292862
290	0.471670346
300	0.465047829
310	0.456953642
320	0.442236939
330	0.430463576
340	0.424576895
350	0.421633554
360	0.415011038
370	0.406181015
380	0.397350993
390	0.393671818
400	0.387785136
410	0.383370125
420	0.377483444
430	0.367181751
440	0.359087564
450	0.352465048
460	0.347314202
470	0.342899191
480	0.33848418
490	0.334069169
500	0.333333333
510	0.331861663
520	0.328918322
530	0.325974982
540	0.324503311
550	0.316409124
560	0.314937454
570	0.312729948
580	0.304635762
590	0.299484915
600	0.29580574
610	0.290654893
620	0.283296542
630	0.276674025
640	0.272994849
650	0.267108168
660	0.261957322
670	0.261957322
680	0.258278146
690	0.253863135
700	0.250183959
710	0.246504783
720	0.245033113
730	0.243561442
740	0.239882266
750	0.238410596
760	0.236203091
770	0.233995585
780	0.230316409
790	0.224429728
800	0.222958057
810	0.219278882
820	0.217071376
830	0.215599706
840	0.2133922
850	0.212656365
860	0.207505519
870	0.205298013
880	0.199411332
890	0.195732156
900	0.195732156
910	0.194260486
920	0.19058131
930	0.189109639
940	0.186166299
950	0.183222958
960	0.182487123
970	0.181015453
980	0.180279617
990	0.179543782
1000	0.177336277
1010	0.173657101
1020	0.17071376
1030	0.168506255
1040	0.166298749
1050	0.164827079
1060	0.163355408
1070	0.161147903
1080	0.159676233
1090	0.156732892
1100	0.154525386
1110	0.151582046
1120	0.14790287
1130	0.14790287
1140	0.147167035
1150	0.147167035
1160	0.144223694
1170	0.142016188
1180	0.141280353
1190	0.140544518
1200	0.139808683
1210	0.138337013
1220	0.136865342
1230	0.135393672
1240	0.133922001
1250	0.132450331
1260	0.130242826
1270	0.12803532
1280	0.127299485
1290	0.12656365
1300	0.122884474
1310	0.120676968
1320	0.118469463
1330	0.117733628
1340	0.116997792
1350	0.116261957
1360	0.114790287
1370	0.112582781
1380	0.111111111
1390	0.109639441
1400	0.105960265
1410	0.103752759
1420	0.102281089
1430	0.100809419
1440	0.098601913
1450	0.097866078
1460	0.097866078
1470	0.095658572
1480	0.095658572
1490	0.095658572
1500	0.093451067
1510	0.093451067
1520	0.093451067
1530	0.093451067
1540	0.091979397
1550	0.091243561
1560	0.091243561
1570	0.089771891
1580	0.089771891
1590	0.089036056
1600	0.089036056
1610	0.088300221
1620	0.086092715
1630	0.082413539
1640	0.082413539
1650	0.081677704
1660	0.080206034
1670	0.080206034
1680	0.079470199
1690	0.079470199
1700	0.078734364
1710	0.078734364
1720	0.077998528
1730	0.077262693
1740	0.077262693
1750	0.076526858
1760	0.075791023
1770	0.072847682
1780	0.070640177
1790	0.070640177
1800	0.070640177
1810	0.070640177
1820	0.069904341
1830	0.069168506
1840	0.069168506
1850	0.067696836
1860	0.067696836
1870	0.066961001
1880	0.06548933
1890	0.06548933
1900	0.06548933
1910	0.06548933
1920	0.06548933
1930	0.064753495
1940	0.064753495
1950	0.06401766
1960	0.063281825
1970	0.063281825
1980	0.063281825
1990	0.06254599
2000	0.061074319
2010	0.058866814
2020	0.058130979
2030	0.057395143
2040	0.057395143
2050	0.055923473
2060	0.055187638
2070	0.055187638
2080	0.055187638
2090	0.055187638
2100	0.054451803
2110	0.054451803
2120	0.054451803
2130	0.054451803
2140	0.054451803
2150	0.053715968
2160	0.052980132
2170	0.052980132
2180	0.052980132
2190	0.052980132
2200	0.052244297
2210	0.051508462
2220	0.051508462
2230	0.051508462
2240	0.051508462
2250	0.051508462
2260	0.050772627
2270	0.049300957
2280	0.048565121
2290	0.048565121
2300	0.047829286
2310	0.047829286
2320	0.046357616
2330	0.046357616
2340	0.046357616
2350	0.046357616
2360	0.046357616
2370	0.045621781
2380	0.044885946
2390	0.044885946
2400	0.044885946
2410	0.044885946
2420	0.044885946
2430	0.043414275
2440	0.04267844
2450	0.04267844
2460	0.04267844
2470	0.040470935
2480	0.040470935
2490	0.039735099
2500	0.039735099
2510	0.039735099
2520	0.039735099
2530	0.038999264
2540	0.038263429
2550	0.036791759
2560	0.035320088
2570	0.035320088
2580	0.035320088
2590	0.035320088
2600	0.033848418
2610	0.033112583
2620	0.033112583
2630	0.033112583
2640	0.033112583
2650	0.032376748
2660	0.031640912
2670	0.031640912
2680	0.030905077
2690	0.030905077
2700	0.030169242
2710	0.029433407
2720	0.029433407
2730	0.029433407
2740	0.028697572
2750	0.028697572
2760	0.027961737
2770	0.027961737
2780	0.027225901
2790	0.026490066
2800	0.026490066
2810	0.025754231
2820	0.025754231
2830	0.025754231
2840	0.025754231
2850	0.025754231
2860	0.024282561
2870	0.024282561
2880	0.024282561
2890	0.024282561
2900	0.023546726
2910	0.023546726
2920	0.023546726
2930	0.023546726
2940	0.023546726
2950	0.023546726
2960	0.023546726
2970	0.023546726
2980	0.023546726
2990	0.023546726
3000	0.023546726
3010	0.023546726
3020	0.023546726
3030	0.02281089
3040	0.02281089
3050	0.022075055
3060	0.020603385
3070	0.020603385
3080	0.020603385
3090	0.020603385
3100	0.020603385
3110	0.020603385
3120	0.01986755
3130	0.019131714
3140	0.018395879
3150	0.018395879
3160	0.017660044
3170	0.017660044
3180	0.017660044
3190	0.016924209
3200	0.016924209
3210	0.016924209
3220	0.016924209
3230	0.016924209
3240	0.016924209
3250	0.016188374
3260	0.016188374
3270	0.016188374
3280	0.015452539
3290	0.015452539
3300	0.014716703
3310	0.013245033
3320	0.013245033
3330	0.012509198
3340	0.012509198
3350	0.012509198
3360	0.012509198
3370	0.012509198
3380	0.012509198
3390	0.012509198
3400	0.011773363
3410	0.011773363
3420	0.011773363
3430	0.011773363
3440	0.011773363
3450	0.011773363
3460	0.011773363
3470	0.011773363
3480	0.011773363
3490	0.011773363
3500	0.011773363
3510	0.011037528
3520	0.011037528
3530	0.011037528
3540	0.011037528
3550	0.011037528
3560	0.011037528
3570	0.011037528
3580	0.011037528
3590	0.011037528
3600	0.011037528
3610	0.011037528
3620	0.011037528
3630	0.011037528
3640	0.011037528
3650	0.011037528
3660	0.011037528
3670	0.008094187
3680	0.008094187
3690	0.008094187
3700	0.008094187
3710	0.008094187
3720	0.008094187
3730	0.008094187
3740	0.008094187
3750	0.008094187
3760	0.008094187
3770	0.008094187
3780	0.008094187
3790	0.008094187
3800	0.008094187
3810	0.008094187
3820	0.008094187
3830	0.008094187
3840	0.008094187
3850	0.008094187
3860	0.008094187
3870	0.007358352
3880	0.007358352
3890	0.007358352
3900	0.007358352
3910	0.007358352
3920	0.007358352
3930	0.007358352
3940	0.006622517
3950	0.006622517
3960	0.006622517
3970	0.006622517
3980	0.006622517
3990	0.005886681
4000	0.005886681
4010	0.005886681
4020	0.005150846
4030	0.005150846
4040	0.005150846
4050	0.005150846
4060	0.005150846
4070	0.005150846
4080	0.004415011
4090	0.004415011
4100	0.004415011
4110	0.004415011
4120	0.004415011
4130	0.004415011
4140	0.004415011
4150	0.004415011
4160	0.004415011
4170	0.004415011
4180	0.004415011
4190	0.003679176
4200	0.003679176
4210	0.003679176
4220	0.003679176
4230	0.003679176
4240	0.003679176
4250	0.003679176
4260	0.003679176
4270	0.003679176
4280	0.003679176
4290	0.003679176
4300	0.003679176
4310	0.003679176
4320	0.003679176
4330	0.003679176
4340	0.003679176
4350	0.002943341
4360	0.002943341
4370	0.002943341
4380	0.002943341
4390	0.002943341
4400	0.002943341
4410	0.002943341
4420	0.002943341
4430	0.002943341
4440	0.002943341
4450	0.002943341
4460	0.002943341
4470	0.002207506
4480	0.00147167
4490	0.00147167
4500	0.00147167
4510	0.00147167
4520	0.00147167
4530	0.00147167
4540	0.00147167
4550	0.00147167
4560	0.00147167
4570	0.00147167
4580	0.00147167
4590	0.00147167
4600	0.00147167
4610	0.00147167
4620	0.00147167
4630	0.00147167
4640	0.00147167
4650	0.00147167
4660	0.00147167
4670	0.00147167
4680	0.00147167
4690	0.00147167
4700	0.00147167
4710	0.00147167
4720	0.00147167
4730	0.00147167
4740	0.00147167
4750	0.00147167
4760	0.00147167
4770	0.00147167
4780	0.00147167
4790	0.00147167
4800	0.00147167
4810	0.000735835
